time (s)	cumulative shear displacment (cm)	total normal stress (kPa)	shear stress (kPa)	pore-water pressure (kPa)	specimen thickness (mm)
0	3332.48	198.40	-6.03	20.07	62.67
1	3332.48	198.40	-6.03	20.07	62.67
2	3332.48	198.53	-4.07	19.90	62.69
3	3332.48	198.50	-6.00	19.80	62.70
4	3332.48	199.20	-6.20	19.63	62.71
5	3332.48	199.60	-6.47	19.73	62.69
6	3332.48	199.93	-4.83	19.73	62.69
7	3332.48	199.90	-4.40	19.70	62.68
8	3332.48	200.73	-3.80	19.57	62.67
9	3332.48	200.23	-2.03	19.50	62.67
10	3332.48	200.67	-2.47	19.13	62.70
11	3332.48	199.97	-2.60	19.17	62.71
12	3332.48	200.63	-5.50	19.17	62.71
13	3332.48	200.27	-4.33	19.40	62.69
14	3332.48	199.93	-4.30	19.33	62.68
15	3332.48	199.73	-2.73	19.30	62.67
16	3332.48	199.90	-3.77	19.40	62.66
17	3332.48	199.50	-3.50	19.40	62.67
18	3332.48	198.97	-4.20	19.37	62.67
19	3332.48	198.50	-3.77	19.23	62.68
20	3332.48	198.40	-4.13	19.10	62.69
21	3332.48	198.13	-4.07	18.97	62.69
22	3332.48	198.93	-4.23	19.00	62.68
23	3332.48	199.00	-4.40	19.07	62.67
24	3332.48	199.37	-3.90	19.10	62.65
25	3332.48	198.93	-4.07	19.20	62.66
26	3332.48	198.87	-3.90	18.93	62.69
27	3332.48	198.93	-4.40	18.87	62.71
28	3332.48	199.07	-4.30	18.70	62.71
29	3332.48	199.37	-4.43	18.93	62.69
30	3332.48	199.47	-4.13	19.27	62.68
31	3332.48	199.40	-4.23	19.37	62.68
32	3332.48	199.60	-3.50	19.30	62.68
33	3332.48	199.30	-3.67	18.93	62.68
34	3332.48	199.07	-3.87	18.77	62.68
35	3332.48	199.33	-4.80	18.73	62.69
36	3332.48	199.63	-4.70	18.70	62.69
37	3332.48	199.87	-4.70	18.73	62.67
38	3332.48	199.30	-4.23	18.93	62.67
39	3332.48	199.20	-4.20	18.93	62.67
40	3332.48	200.07	-1.30	18.87	62.68
41	3332.48	200.23	-1.60	18.53	62.67
42	3332.48	200.17	-1.87	18.43	62.67
43	3332.48	199.00	-4.97	18.30	62.68
44	3332.48	199.33	-4.90	18.23	62.68
45	3332.48	199.00	-4.33	18.30	62.69
46	3332.48	199.20	-5.07	18.30	62.68
47	3332.48	198.80	-4.80	18.43	62.67
48	3332.48	198.93	-4.90	18.33	62.67
49	3332.48	199.10	-4.57	18.30	62.67
50	3332.48	199.10	-5.90	18.20	62.69
51	3332.48	199.23	-6.23	18.10	62.69
52	3332.48	199.37	-5.70	18.10	62.69
53	3332.48	199.47	-4.30	18.00	62.69
54	3332.48	199.50	-3.60	18.07	62.68
55	3332.48	199.63	-3.37	18.13	62.67
56	3332.48	199.50	-3.37	18.03	62.68
57	3332.48	199.63	-4.40	17.93	62.69
58	3332.48	199.60	-5.07	17.83	62.70
59	3332.48	199.63	-5.20	17.93	62.69
60	3332.48	199.87	-4.97	17.93	62.69
61	3332.48	199.60	-4.73	17.93	62.70
62	3332.48	199.93	-5.17	17.93	62.68
63	3332.48	199.13	-4.97	17.93	62.68
64	3332.48	199.10	-4.30	17.83	62.66
65	3332.48	198.60	-3.67	17.77	62.67
66	3332.48	199.30	-3.90	17.67	62.68
67	3332.48	199.93	-4.23	17.63	62.69
68	3332.48	200.47	-4.23	17.60	62.69
69	3332.48	200.90	-3.97	17.77	62.68
70	3332.48	199.93	-3.47	17.77	62.67
71	3332.48	199.47	-4.40	17.87	62.67
72	3332.48	198.27	-4.30	17.57	62.66
73	3332.48	198.80	-4.93	17.53	62.68
74	3332.48	198.37	-4.43	17.33	62.69
75	3332.48	198.60	-4.63	17.17	62.69
76	3332.48	198.63	-4.27	17.10	62.67
77	3332.48	199.00	-3.30	17.13	62.66
78	3332.48	198.97	-3.10	17.37	62.66
79	3332.48	199.10	-1.67	17.40	62.66
80	3332.48	199.23	-2.33	17.30	62.68
81	3332.48	199.50	-2.77	17.33	62.70
82	3332.48	198.83	-4.37	17.33	62.69
83	3332.48	199.13	-4.43	17.40	62.67
84	3332.48	199.17	-3.83	17.20	62.66
85	3332.48	198.83	-3.60	17.03	62.66
86	3332.48	199.00	-3.77	16.93	62.65
87	3332.48	199.23	-4.30	16.93	62.65
88	3332.48	200.47	-4.57	16.93	62.67
89	3332.48	199.97	-4.47	16.97	62.68
90	3332.48	199.83	-2.60	17.03	62.68
91	3332.48	199.40	-2.30	17.07	62.67
92	3332.48	199.87	-2.53	17.00	62.66
93	3332.48	199.57	-4.70	16.80	62.67
94	3332.48	199.50	-4.93	16.67	62.67
95	3332.48	199.47	-4.23	16.70	62.68
96	3332.48	199.17	-3.40	16.77	62.69
97	3332.48	198.83	-3.50	16.83	62.68
98	3332.48	199.20	-3.70	16.67	62.69
99	3332.48	200.00	-4.63	16.63	62.67
100	3332.48	199.37	-4.73	16.57	62.68
101	3332.48	199.27	-4.93	16.63	62.68
102	3332.48	198.83	-4.40	16.67	62.67
103	3332.48	199.07	-4.30	16.73	62.66
104	3332.48	198.40	-2.43	16.67	62.66
105	3332.48	199.00	-3.50	16.50	62.67
106	3332.48	199.97	-3.43	16.33	62.69
107	3332.48	200.47	-5.53	16.17	62.69
108	3332.48	200.27	-4.00	16.27	62.68
109	3332.48	200.27	-3.83	16.33	62.67
110	3332.48	199.77	-3.40	16.43	62.67
111	3332.48	199.17	-3.70	16.37	62.66
112	3332.48	198.83	-4.13	16.23	62.68
113	3332.48	199.40	-4.10	16.20	62.68
114	3332.48	199.47	-4.10	16.13	62.68
115	3332.48	200.30	-3.80	16.20	62.67
116	3332.48	199.60	-3.90	16.17	62.66
117	3332.48	198.57	-3.50	16.10	62.66
118	3332.48	198.30	-3.80	16.00	62.67
119	3332.48	199.17	-5.30	16.00	62.67
120	3332.48	200.23	-6.30	16.03	62.68
121	3332.48	199.17	-5.93	16.07	62.68
122	3332.48	198.73	-4.33	16.10	62.68
123	3332.48	198.60	-3.60	16.10	62.66
124	3332.48	200.13	-3.93	15.97	62.65
125	3332.48	199.73	-4.13	15.87	62.66
126	3332.48	199.93	-4.33	15.83	62.68
127	3332.48	198.90	-4.13	15.90	62.69
128	3332.48	199.43	-4.10	15.97	62.68
129	3332.48	199.63	-2.50	16.07	62.66
130	3332.48	199.33	-1.70	16.07	62.66
131	3332.48	199.10	-1.77	15.93	62.66
132	3332.48	199.50	-3.33	15.73	62.67
133	3332.48	199.63	-3.87	15.57	62.68
134	3332.48	199.17	-3.67	15.63	62.68
135	3332.48	198.47	-4.80	15.63	62.67
136	3332.48	199.40	-5.20	15.57	62.68
137	3332.48	200.07	-5.97	15.47	62.68
138	3332.48	200.30	-4.73	15.43	62.69
139	3332.48	199.63	-4.87	15.53	62.68
140	3332.48	198.57	-4.33	15.50	62.68
141	3332.48	197.93	-4.40	15.53	62.67
142	3332.48	197.83	-3.67	15.53	62.66
143	3332.48	199.00	-3.57	15.53	62.65
144	3332.48	199.40	-3.57	15.43	62.67
145	3332.48	198.93	-4.03	15.40	62.68
146	3332.48	198.90	-4.03	15.30	62.69
147	3332.48	199.77	-4.17	15.30	62.68
148	3332.48	200.23	-3.73	15.27	62.66
149	3332.48	199.80	-3.33	15.07	62.66
150	3332.48	199.17	-3.20	15.00	62.66
151	3332.48	199.13	-3.90	14.90	62.66
152	3332.48	199.43	-4.43	15.17	62.67
153	3332.48	199.40	-3.90	15.10	62.68
154	3332.48	199.50	-3.43	15.17	62.68
155	3332.48	199.30	-3.03	15.07	62.67
156	3332.48	199.17	-3.00	15.17	62.66
157	3332.48	199.40	-3.33	15.10	62.67
158	3332.48	199.00	-3.90	15.03	62.68
159	3332.48	198.67	-4.57	14.93	62.68
160	3332.48	199.20	-4.57	14.97	62.68
161	3332.48	199.23	-4.13	14.97	62.67
162	3332.48	200.23	-3.70	15.07	62.66
163	3332.48	199.57	-3.50	15.10	62.66
164	3332.48	199.30	-3.67	15.03	62.67
165	3332.48	198.77	-4.03	14.83	62.68
166	3332.48	198.33	-4.43	14.73	62.69
167	3332.48	199.03	-4.67	15.03	62.70
168	3332.48	198.90	-4.73	15.13	62.69
169	3332.48	199.23	-4.00	15.17	62.67
170	3332.48	199.33	-4.33	14.90	62.65
171	3332.48	199.53	-3.83	14.80	62.66
172	3332.48	200.13	-4.37	14.40	62.67
173	3332.48	200.03	-4.67	14.30	62.68
174	3332.48	200.50	-4.93	14.30	62.67
175	3332.48	199.30	-4.57	14.63	62.67
176	3332.48	199.03	-3.90	14.77	62.66
177	3332.48	198.70	-3.87	14.83	62.66
178	3332.48	198.83	-4.10	14.80	62.65
179	3332.48	199.60	-3.90	14.67	62.65
180	3332.48	199.20	-4.43	14.50	62.68
181	3332.48	199.73	-5.33	14.47	62.69
182	3332.48	199.13	-5.30	14.43	62.69
183	3332.48	199.07	-4.63	14.43	62.67
184	3332.48	198.90	-1.63	14.43	62.66
185	3332.48	199.13	-1.73	14.50	62.67
186	3332.48	199.43	-2.13	14.57	62.67
187	3332.48	198.93	-4.17	14.47	62.68
188	3332.48	198.60	-4.23	14.33	62.68
189	3332.48	199.63	-4.03	14.30	62.68
190	3332.48	199.63	-3.80	14.37	62.67
191	3332.48	199.17	-3.43	14.63	62.66
192	3332.48	198.87	-3.47	14.67	62.63
193	3332.48	199.57	-4.23	14.53	62.64
194	3332.48	199.87	-4.87	14.30	62.64
195	3332.48	199.60	-5.10	14.20	62.67
196	3332.48	199.07	-4.70	14.23	62.67
197	3332.48	198.93	-4.10	14.23	62.67
198	3332.48	198.33	-3.77	13.93	62.64
199	3332.48	198.73	-3.57	13.93	62.64
200	3332.48	199.17	-3.93	13.87	62.65
201	3332.48	200.47	-4.33	14.07	62.67
202	3332.48	200.30	-4.10	14.00	62.68
203	3332.48	200.40	-4.00	14.03	62.67
204	3332.48	199.33	-3.87	14.13	62.67
205	3332.48	199.60	-3.80	14.10	62.66
206	3332.48	199.17	-3.57	14.07	62.66
207	3332.48	199.23	-3.57	14.07	62.64
208	3332.48	199.40	-4.17	14.13	62.64
209	3332.48	199.97	-6.43	14.03	62.65
210	3332.48	199.60	-6.33	13.90	62.66
211	3332.48	199.27	-5.93	13.83	62.65
212	3332.48	198.63	-3.57	13.90	62.64
213	3332.48	198.80	-3.37	13.77	62.65
214	3332.48	198.70	-3.93	13.77	62.66
215	3332.48	199.10	-4.30	13.70	62.65
216	3332.48	199.00	-4.57	13.80	62.66
217	3332.48	200.03	-2.97	13.73	62.66
218	3332.48	199.90	-2.97	13.77	62.68
219	3332.48	199.77	-3.73	13.83	62.67
220	3332.48	199.00	-3.13	13.83	62.66
221	3332.48	199.37	-3.13	13.77	62.65
222	3332.48	199.57	-2.37	13.67	62.66
223	3332.48	199.53	-4.73	13.63	62.67
224	3332.48	199.70	-4.50	13.63	62.67
225	3332.48	200.03	-4.20	13.93	62.67
226	3332.48	199.70	-3.40	13.90	62.66
227	3332.48	198.43	-3.57	13.87	62.66
228	3332.48	197.97	-4.10	13.60	62.66
229	3332.48	198.83	-4.47	13.57	62.67
230	3332.48	199.40	-4.53	13.57	62.67
231	3332.48	199.47	-4.07	13.50	62.67
232	3332.48	198.77	-3.80	13.57	62.65
233	3332.48	199.47	-3.73	13.60	62.64
234	3332.48	200.37	-3.67	13.97	62.64
235	3332.48	200.63	-4.03	13.87	62.66
236	3332.48	200.13	-4.20	13.67	62.67
237	3332.48	199.23	-4.67	13.03	62.69
238	3332.48	198.80	-4.40	13.07	62.69
239	3332.48	198.80	-3.97	13.20	62.68
240	3332.48	199.00	-3.77	13.47	62.65
241	3332.48	199.23	-4.77	13.47	62.65
242	3332.48	199.70	-5.10	13.57	62.64
243	3332.48	199.43	-4.57	13.43	62.66
244	3332.48	199.27	-3.77	13.30	62.67
245	3332.48	198.63	-4.03	13.07	62.68
246	3332.48	199.37	-4.47	13.13	62.67
247	3332.48	199.40	-4.03	13.40	62.64
248	3332.48	199.67	-4.17	13.43	62.63
249	3332.48	199.37	-4.33	13.50	62.63
250	3332.48	199.57	-4.47	13.27	62.65
251	3332.48	199.73	-4.10	13.17	62.67
252	3332.48	199.50	-4.07	12.97	62.67
253	3332.48	199.87	-4.37	12.77	62.68
254	3332.48	200.17	-4.20	12.83	62.67
255	3332.48	200.00	-3.93	13.03	62.66
256	3332.48	199.63	-3.43	13.20	62.67
257	3332.48	198.83	-2.67	13.23	62.67
258	3332.48	198.93	-2.80	13.07	62.67
259	3332.48	199.30	-2.97	12.90	62.69
260	3332.48	199.60	-3.67	12.70	62.70
261	3332.48	199.70	-3.93	12.70	62.71
262	3332.48	199.17	-3.80	12.80	62.67
263	3332.48	199.13	-3.87	12.77	62.68
264	3332.48	198.40	-1.73	12.73	62.68
265	3332.48	198.47	-1.97	12.83	62.66
266	3332.48	198.20	-1.73	12.97	62.65
267	3332.48	198.33	-3.37	12.93	62.65
268	3332.48	198.80	-3.03	12.77	62.65
269	3332.48	199.03	-3.43	12.70	62.65
270	3332.48	199.90	-4.80	12.67	62.65
271	3332.48	199.87	-5.27	12.83	62.66
272	3332.48	199.93	-5.40	12.77	62.67
273	3332.48	199.83	-4.63	12.70	62.67
274	3332.48	199.47	-3.73	12.50	62.67
275	3332.48	199.83	-3.60	12.53	62.67
276	3332.48	200.13	-3.23	12.53	62.66
277	3332.48	200.33	-3.47	12.53	62.66
278	3332.48	200.00	-3.03	12.57	62.65
279	3332.48	199.80	-2.67	12.63	62.65
280	3332.48	200.03	-3.93	12.70	62.65
281	3332.48	199.93	-4.27	12.60	62.65
282	3332.48	200.00	-4.57	12.60	62.63
283	3332.48	199.20	-4.03	12.43	62.63
284	3332.48	198.90	-3.83	12.40	62.64
285	3332.48	198.73	-4.20	12.23	62.67
286	3332.48	199.47	-4.20	12.23	62.67
287	3332.48	199.93	-4.63	12.10	62.67
288	3332.48	200.03	-4.27	12.03	62.68
289	3332.48	198.90	-3.97	12.13	62.67
290	3332.48	198.73	-3.70	12.33	62.67
291	3332.48	198.37	-3.40	12.50	62.65
292	3332.48	199.17	-3.40	12.50	62.64
293	3332.48	199.43	-3.33	12.50	62.63
294	3332.48	198.80	-3.60	12.30	62.64
295	3332.48	199.10	-4.87	12.23	62.65
296	3332.48	199.47	-4.87	12.00	62.66
297	3332.48	200.57	-5.17	12.03	62.67
298	3332.48	200.33	-5.17	11.97	62.67
299	3332.48	199.13	-5.07	12.03	62.68
300	3332.48	199.23	-4.83	12.17	62.67
301	3332.48	198.83	-3.47	12.30	62.65
302	3332.48	199.43	-4.40	12.43	62.64
303	3332.48	199.07	-4.40	12.40	62.63
304	3332.48	199.50	-4.97	12.40	62.64
305	3332.48	199.73	-3.77	12.33	62.64
306	3332.48	198.47	-3.90	12.33	62.64
307	3332.48	198.77	-2.50	12.20	62.65
308	3332.48	198.23	-3.13	11.90	62.65
309	3332.48	199.40	-3.17	11.77	62.66
310	3332.48	199.23	-4.57	11.63	62.67
311	3332.48	199.70	-4.57	11.80	62.67
312	3332.48	200.07	-4.07	11.77	62.67
313	3332.48	200.17	-3.67	11.83	62.68
314	3332.48	200.07	-3.57	11.80	62.69
315	3332.48	199.60	-3.70	12.00	62.69
316	3332.48	199.40	-3.93	12.10	62.67
317	3332.48	199.27	-3.87	12.13	62.66
318	3332.48	199.83	-4.30	12.00	62.64
319	3332.48	199.60	-4.37	11.90	62.65
320	3332.48	199.50	-4.30	11.80	62.65
321	3332.48	199.33	-4.37	11.70	62.67
322	3332.48	198.77	-4.27	11.57	62.67
323	3332.48	198.77	-4.27	11.60	62.67
324	3332.48	198.87	-4.03	11.60	62.66
325	3332.48	199.33	-3.90	11.77	62.66
326	3332.48	198.80	-3.63	11.53	62.63
327	3332.48	198.20	-4.57	11.60	62.62
328	3332.48	198.10	-4.70	11.57	62.63
329	3332.48	198.90	-4.90	11.83	62.65
330	3332.48	198.57	-3.97	11.73	62.65
331	3332.48	199.07	-3.93	11.47	62.62
332	3332.48	198.67	-5.80	11.37	62.63
333	3332.48	199.47	-5.77	11.30	62.63
334	3332.48	199.50	-6.00	11.40	62.67
335	3332.48	199.80	-5.17	11.40	62.67
336	3332.48	199.63	-5.10	11.40	62.66
337	3332.48	199.53	-4.87	11.47	62.66
338	3332.48	199.70	-3.60	11.50	62.65
339	3332.48	199.63	-3.20	11.53	62.65
340	3332.48	199.13	-3.20	11.47	62.64
341	3332.48	199.23	-3.37	11.47	62.63
342	3332.48	198.23	-4.03	11.30	62.65
343	3332.48	199.33	-4.97	11.33	62.66
344	3332.48	198.90	-5.27	11.27	62.68
345	3332.48	199.57	-5.13	11.30	62.67
346	3332.48	199.07	-4.00	11.17	62.68
347	3332.48	199.73	-4.17	11.23	62.66
348	3332.48	200.97	-4.10	11.20	62.66
349	3332.48	200.70	-3.80	11.17	62.66
350	3332.48	200.23	-3.53	10.97	62.66
351	3332.48	198.67	-3.33	11.23	62.65
352	3332.48	198.90	-2.10	11.33	62.64
353	3332.48	198.10	-1.77	11.43	62.64
354	3332.48	198.63	-1.33	11.23	62.64
355	3332.48	198.67	-2.77	11.17	62.62
356	3332.48	199.80	-2.40	11.10	62.62
357	3332.48	199.63	-2.97	11.10	62.61
358	3332.48	199.03	-3.33	11.10	62.63
359	3332.48	198.87	-3.73	11.07	62.64
360	3332.48	198.90	-3.87	11.13	62.65
361	3332.48	199.73	-4.80	11.07	62.66
362	3332.48	200.00	-5.20	11.03	62.66
363	3332.48	200.37	-5.10	11.03	62.65
364	3332.48	199.70	-4.67	10.93	62.65
365	3332.48	198.43	-4.37	10.87	62.66
366	3332.48	198.30	-4.33	10.67	62.68
367	3332.48	198.73	-4.03	10.73	62.67
368	3332.48	199.20	-4.13	10.77	62.66
369	3332.48	199.27	-3.87	10.83	62.65
370	3332.48	198.70	-3.33	11.00	62.65
371	3332.48	198.87	-2.63	11.10	62.64
372	3332.48	197.83	-2.87	11.07	62.64
373	3332.48	198.50	-3.53	11.03	62.64
374	3332.48	198.50	-4.27	10.93	62.65
375	3332.48	199.73	-5.73	10.83	62.66
376	3332.48	199.67	-5.70	10.63	62.67
377	3332.48	199.93	-5.70	10.83	62.64
378	3332.48	199.03	-3.30	10.87	62.65
379	3332.48	198.77	-3.10	10.60	62.65
380	3332.48	198.90	-2.70	10.37	62.66
381	3332.48	199.47	-3.87	10.43	62.65
382	3332.48	200.40	-3.43	10.80	62.63
383	3332.48	199.00	-3.83	10.73	62.64
384	3332.48	199.00	-1.97	10.63	62.65
385	3332.48	196.93	-2.13	10.40	62.67
386	3332.48	198.03	-2.27	10.43	62.66
387	3332.48	197.43	-4.23	10.27	62.66
388	3332.48	198.40	-4.47	10.33	62.66
389	3332.48	198.53	-3.97	10.27	62.66
390	3332.48	198.53	-3.67	10.77	62.65
391	3332.48	197.43	-3.50	10.50	62.64
392	3332.48	197.07	-3.67	10.53	62.63
393	3332.48	197.83	-3.53	10.17	62.63
394	3332.48	198.93	-3.30	10.40	62.63
395	3332.48	198.63	-3.57	10.40	62.63
396	3332.48	198.83	-3.70	10.27	62.64
397	3332.48	198.90	-3.97	10.20	62.65
398	3332.48	200.00	-4.57	10.17	62.66
399	3332.48	199.27	-4.43	10.17	62.66
400	3332.48	199.43	-4.33	10.27	62.66
401	3332.48	199.03	-3.37	10.20	62.65
402	3332.48	199.57	-3.27	10.23	62.65
403	3332.48	199.50	-2.87	10.20	62.64
404	3332.48	199.37	-3.10	10.23	62.64
405	3332.48	199.30	-3.50	10.20	62.64
406	3332.48	199.43	-4.07	10.17	62.64
407	3332.48	201.07	-4.10	10.10	62.65
408	3332.48	200.77	-3.87	10.10	62.65
409	3332.48	200.50	-3.40	10.13	62.64
410	3332.48	199.57	-3.27	10.23	62.64
411	3332.48	199.67	-3.00	10.27	62.63
412	3332.48	199.67	-3.33	10.20	62.63
413	3332.48	199.07	-3.40	10.23	62.61
414	3332.48	199.07	-3.47	9.97	62.62
415	3332.48	199.57	-3.80	9.87	62.62
416	3332.48	199.37	-4.03	9.70	62.64
417	3332.48	199.97	-4.17	9.83	62.64
418	3332.48	199.73	-3.97	9.93	62.65
419	3332.48	200.07	-4.97	10.03	62.64
420	3332.48	200.00	-4.83	10.07	62.64
421	3332.48	200.23	-4.40	10.03	62.65
422	3332.48	200.50	-3.40	10.17	62.68
423	3332.48	199.77	-5.53	10.17	62.69
424	3332.48	199.33	-5.63	10.13	62.70
425	3332.48	199.13	-5.40	10.27	62.66
426	3332.48	199.50	-3.57	10.27	62.65
427	3332.48	199.50	-4.13	10.33	62.64
428	3332.48	199.23	-3.77	10.03	62.62
429	3332.48	199.10	-3.33	10.00	62.62
430	3332.48	199.17	-2.97	10.03	62.63
431	3332.48	200.03	-3.43	9.93	62.65
432	3332.48	200.37	-3.67	9.90	62.64
433	3332.48	199.93	-3.40	9.80	62.64
434	3332.48	199.07	-2.17	9.87	62.65
435	3332.48	199.20	-1.80	9.93	62.65
436	3332.48	199.50	-2.10	10.10	62.66
437	3332.48	199.33	-3.10	10.07	62.66
438	3332.48	199.33	-3.83	10.03	62.64
439	3332.48	199.33	-3.27	9.73	62.63
440	3332.48	199.27	-3.23	9.70	62.63
441	3332.48	198.30	-2.60	10.03	62.63
442	3332.48	198.53	-2.63	10.17	62.61
443	3332.48	198.93	-2.37	10.13	62.62
444	3332.48	200.00	-2.77	9.80	62.65
445	3332.48	199.57	-3.33	9.73	62.66
446	3332.48	199.63	-4.80	9.77	62.67
447	3332.48	198.77	-4.00	9.73	62.66
448	3332.48	199.43	-3.60	9.80	62.65
449	3332.48	199.10	-2.40	9.80	62.63
450	3332.48	199.67	-3.30	9.97	62.63
451	3332.48	199.07	-3.50	9.87	62.64
452	3332.48	199.50	-4.00	9.80	62.65
453	3332.48	198.97	-3.87	9.60	62.65
454	3332.48	198.90	-3.57	9.63	62.64
455	3332.48	198.77	-3.07	9.57	62.64
456	3332.48	199.73	-3.17	9.57	62.64
457	3332.48	200.60	-3.40	9.47	62.65
458	3332.48	200.07	-1.90	9.50	62.65
459	3332.48	199.23	-1.47	9.50	62.65
460	3332.48	198.93	-0.77	9.53	62.64
461	3332.48	199.73	-1.67	9.47	62.65
462	3332.48	199.97	-1.43	9.40	62.65
463	3332.48	200.63	-1.83	9.33	62.65
464	3332.48	200.53	-2.37	9.37	62.64
465	3332.48	201.30	-2.90	9.33	62.64
466	3332.48	200.57	-3.27	9.27	62.65
467	3332.48	199.90	-3.30	9.23	62.65
468	3332.48	199.03	-3.13	9.10	62.65
469	3332.48	198.97	-3.37	9.20	62.62
470	3332.48	199.43	-3.33	9.07	62.61
471	3332.48	199.67	-3.37	9.07	62.62
472	3332.48	199.47	-3.03	9.03	62.64
473	3332.48	198.87	-2.93	9.10	62.65
474	3332.48	198.83	-3.10	9.03	62.65
475	3332.48	198.97	-2.97	8.83	62.65
476	3332.48	199.53	-2.83	8.80	62.66
477	3332.48	199.10	-3.13	8.90	62.64
478	3332.48	199.47	-2.57	9.03	62.64
479	3332.48	199.27	-3.33	8.97	62.65
480	3332.48	199.33	-2.77	8.93	62.65
481	3332.48	199.07	-3.10	9.03	62.65
482	3332.48	199.30	-2.40	9.13	62.64
483	3332.48	200.07	-1.70	9.07	62.64
484	3332.48	199.93	-2.03	9.00	62.64
485	3332.48	199.47	-2.30	8.97	62.65
486	3332.48	199.73	-3.03	9.20	62.64
487	3332.48	199.50	-2.77	9.10	62.63
488	3332.48	200.13	-2.43	9.07	62.63
489	3332.48	199.43	-3.37	8.83	62.64
490	3332.48	200.17	-2.07	8.80	62.65
491	3332.48	200.23	-2.17	8.87	62.65
492	3332.48	199.40	-1.07	9.00	62.64
493	3332.48	199.20	-1.40	9.00	62.64
494	3332.48	199.07	-1.67	8.93	62.66
495	3332.48	201.03	-1.97	8.83	62.66
496	3332.48	201.07	-3.37	8.87	62.66
497	3332.48	201.07	-2.93	8.90	62.63
498	3332.48	199.63	-2.97	8.93	62.63
499	3332.48	199.57	-2.53	8.87	62.64
500	3332.48	199.23	-3.03	8.77	62.64
501	3332.48	199.57	-2.80	8.77	62.64
502	3332.48	198.90	-2.90	8.87	62.62
503	3332.48	199.33	-3.63	8.93	62.62
504	3332.48	199.73	-3.83	8.90	62.62
505	3332.48	200.97	-4.00	8.93	62.64
506	3332.48	200.30	-3.33	8.80	62.64
507	3332.48	199.87	-1.30	8.73	62.66
508	3332.48	199.10	-1.03	8.77	62.66
509	3332.48	199.43	-0.43	8.83	62.65
510	3332.48	199.67	-1.93	9.00	62.62
511	3332.48	199.60	-1.93	8.80	62.62
512	3332.48	200.13	-2.40	8.93	62.62
513	3332.48	200.10	-3.13	8.77	62.65
514	3332.48	199.80	-3.60	8.87	62.63
515	3332.48	199.13	-3.07	8.70	62.63
516	3332.48	199.07	-3.47	8.77	62.63
517	3332.48	198.83	-3.20	8.70	62.64
518	3332.48	198.83	-3.47	8.77	62.64
519	3332.48	198.27	-2.80	8.63	62.67
520	3332.48	199.30	-3.03	8.63	62.69
521	3332.48	199.43	-3.10	8.50	62.69
522	3332.48	199.83	-3.10	8.53	62.66
523	3332.48	199.43	-2.47	8.53	62.64
524	3332.48	198.63	-2.43	8.60	62.63
525	3332.48	198.83	0.17	8.57	62.63
526	3332.48	198.43	-0.40	8.20	62.66
527	3332.48	198.07	-1.13	8.17	62.67
528	3332.48	198.70	-2.07	8.20	62.66
529	3332.48	199.27	-1.83	8.50	62.64
530	3332.48	200.40	-0.73	8.53	62.62
531	3332.48	199.97	-1.90	8.50	62.62
532	3332.48	199.93	-2.13	8.43	62.63
533	3332.48	200.03	-2.60	8.07	62.65
534	3332.48	198.40	-3.07	8.07	62.66
535	3332.48	198.30	-2.90	8.17	62.66
536	3332.48	198.03	-1.60	8.53	62.64
537	3332.48	199.00	-1.40	8.60	62.66
538	3332.48	199.03	-1.23	8.47	62.67
539	3332.48	199.53	-3.43	8.37	62.67
540	3332.48	199.67	-3.83	8.27	62.66
541	3332.48	199.10	-3.87	8.33	62.66
542	3332.48	198.63	-2.60	8.30	62.65
543	3332.48	198.83	-2.13	8.43	62.63
544	3332.48	199.17	-1.80	8.40	62.63
545	3332.48	199.47	-2.33	8.40	62.63
546	3332.48	199.33	-2.87	8.23	62.65
547	3332.48	198.67	-2.10	8.23	62.65
548	3332.48	198.23	-1.67	8.27	62.65
549	3332.48	198.47	-1.00	8.30	62.64
550	3332.48	199.30	-2.30	8.30	62.64
551	3332.48	199.67	-2.83	8.23	62.64
552	3332.48	200.17	-2.37	8.20	62.65
553	3332.48	199.70	-2.23	8.07	62.66
554	3332.48	199.63	-1.80	8.10	62.65
555	3332.48	198.60	-2.37	8.07	62.62
556	3332.48	198.93	-2.57	8.13	62.61
557	3332.48	199.10	-3.63	8.10	62.62
558	3332.48	199.33	-4.13	8.00	62.66
559	3332.48	199.60	-3.97	7.80	62.68
560	3332.48	199.60	-2.87	7.63	62.69
561	3332.48	198.67	-2.33	7.73	62.66
562	3332.48	198.80	-2.17	7.93	62.64
563	3332.48	198.73	-2.60	7.97	62.63
564	3332.48	199.80	-2.80	7.83	62.64
565	3332.48	199.83	-3.00	7.77	62.65
566	3332.48	199.53	-2.80	7.90	62.64
567	3332.48	199.87	-2.83	8.00	62.64
568	3332.48	199.63	-3.07	8.10	62.63
569	3332.48	199.13	-3.10	7.97	62.64
570	3332.48	199.10	-3.17	7.87	62.65
571	3332.48	198.63	-3.43	7.80	62.66
572	3332.48	199.77	-3.13	7.90	62.66
573	3332.48	199.10	-3.57	8.03	62.64
574	3332.48	199.27	-2.93	8.00	62.63
575	3332.48	198.73	-2.97	7.87	62.64
576	3332.48	198.80	-2.83	7.77	62.65
577	3332.48	199.17	-3.13	7.73	62.65
578	3332.48	199.83	-3.47	7.80	62.65
579	3332.48	200.00	-3.03	7.83	62.64
580	3332.48	199.60	-3.43	7.90	62.63
581	3332.48	198.80	-3.23	7.90	62.62
582	3332.48	198.73	-3.20	7.80	62.63
583	3332.48	198.77	-2.87	7.97	62.63
584	3332.48	199.03	-3.00	7.83	62.64
585	3332.48	198.20	-2.73	7.77	62.65
586	3332.48	198.27	-2.37	7.50	62.66
587	3332.48	198.40	-2.07	7.63	62.65
588	3332.48	199.40	-2.27	7.87	62.64
589	3332.48	200.20	-2.33	7.93	62.63
590	3332.48	200.03	-2.63	7.73	62.64
591	3332.48	199.77	-3.23	7.53	62.65
592	3332.48	199.40	-3.53	7.60	62.66
593	3332.48	198.93	-3.20	7.67	62.66
594	3332.48	199.23	-3.00	7.73	62.64
595	3332.48	198.37	-2.43	7.53	62.64
596	3332.48	198.20	-2.30	7.63	62.63
597	3332.48	198.03	-2.27	7.60	62.62
598	3332.48	199.07	-1.10	7.60	62.63
599	3332.48	199.80	-1.67	7.53	62.64
600	3332.48	200.57	-1.73	7.30	62.65
601	3332.48	200.00	-3.57	7.30	62.63
602	3332.48	200.73	-3.57	7.43	62.63
603	3332.48	200.30	-2.93	7.67	62.62
604	3332.48	200.03	-2.27	7.67	62.63
605	3332.48	199.37	-2.13	7.57	62.63
606	3332.48	199.60	-2.63	7.50	62.64
607	3332.48	199.97	-3.07	7.43	62.65
608	3332.48	198.83	-2.70	7.37	62.65
609	3332.48	198.63	-2.40	7.40	62.65
610	3332.48	198.37	-2.03	7.47	62.64
611	3332.48	198.77	-2.03	7.47	62.64
612	3332.48	198.53	-2.20	7.30	62.65
613	3332.48	198.77	-2.33	7.23	62.65
614	3332.48	199.70	-2.33	7.20	62.66
615	3332.48	199.73	-2.37	7.37	62.64
616	3332.48	199.67	-2.43	7.33	62.60
617	3332.48	199.57	-2.57	7.50	62.60
618	3332.48	199.20	-2.33	7.40	62.60
619	3332.48	199.27	-2.33	7.37	62.64
620	3332.48	199.13	-3.03	7.17	62.64
621	3332.48	198.77	-3.00	7.20	62.66
622	3332.48	199.33	-2.87	7.23	62.65
623	3332.48	198.53	-2.10	7.33	62.63
624	3332.48	199.27	-2.03	7.37	62.62
625	3332.48	198.23	-2.43	7.40	62.63
626	3332.48	198.93	-2.90	7.33	62.64
627	3332.48	199.63	-3.33	7.43	62.65
628	3332.48	199.87	-3.57	7.43	62.65
629	3332.48	199.77	-3.33	7.43	62.64
630	3332.48	199.10	-2.70	7.10	62.62
631	3332.48	199.30	-2.60	7.10	62.62
632	3332.48	199.30	-2.63	7.00	62.63
633	3332.48	199.17	-3.40	7.10	62.64
634	3332.48	198.97	-5.50	7.10	62.64
635	3332.48	199.13	-5.23	7.40	62.63
636	3332.48	198.93	-4.93	7.47	62.63
637	3332.48	199.17	-2.40	7.40	62.63
638	3332.48	199.43	-2.60	7.20	62.65
639	3332.48	200.20	-2.90	7.00	62.68
640	3332.48	200.03	-2.67	7.03	62.68
641	3332.48	199.17	-2.57	6.93	62.66
642	3332.48	198.80	-2.43	7.07	62.62
643	3332.48	199.10	-3.03	7.00	62.62
644	3332.48	200.03	-3.50	6.70	62.61
645	3332.48	199.70	-3.47	6.73	62.63
646	3332.48	199.60	-3.17	6.83	62.62
647	3332.48	198.87	-2.60	7.27	62.64
648	3332.48	198.53	-2.67	7.17	62.64
649	3332.48	198.20	-3.23	7.07	62.65
650	3332.48	198.80	-2.67	6.93	62.66
651	3332.48	199.73	-2.47	7.00	62.65
652	3332.48	200.17	-1.67	7.00	62.64
653	3332.48	199.33	-2.20	7.00	62.64
654	3332.48	199.13	-2.50	7.03	62.63
655	3332.48	199.10	-2.70	7.00	62.64
656	3332.48	199.27	-3.47	6.97	62.64
657	3332.48	198.90	-3.67	6.97	62.64
658	3332.48	199.13	-3.63	7.03	62.64
659	3332.48	199.60	-3.27	7.10	62.63
660	3332.48	199.37	-4.03	7.03	62.62
661	3332.48	199.23	-4.23	6.97	62.62
662	3332.48	199.17	-4.47	6.80	62.63
663	3332.48	200.43	-3.27	6.77	62.65
664	3332.48	200.70	-3.20	6.50	62.65
665	3332.48	200.57	-2.67	6.57	62.64
666	3332.48	199.47	-2.33	6.60	62.63
667	3332.48	198.67	-2.03	6.80	62.63
668	3332.48	198.03	-1.23	6.80	62.63
669	3332.48	198.43	-1.90	6.63	62.64
670	3332.48	198.50	-1.97	6.63	62.64
671	3332.48	199.37	-2.97	6.67	62.64
672	3332.48	199.17	-2.93	6.87	62.63
673	3332.48	199.80	-2.90	6.90	62.63
674	3332.48	199.77	-1.20	6.83	62.62
675	3332.48	198.97	-0.53	6.67	62.63
676	3332.48	199.07	-0.93	6.63	62.64
677	3332.48	199.03	-2.83	6.57	62.64
678	3332.48	199.97	-3.07	6.53	62.65
679	3332.48	199.90	-2.87	6.53	62.66
680	3332.48	200.03	-2.50	6.67	62.65
681	3332.48	199.83	-2.30	6.80	62.64
682	3332.48	199.63	-2.07	6.80	62.63
683	3332.48	199.63	-2.10	6.80	62.63
684	3332.48	199.43	-2.27	6.70	62.64
685	3332.48	198.60	-2.67	6.57	62.64
686	3332.48	199.00	-3.13	6.63	62.62
687	3332.48	200.00	-3.17	6.77	62.61
688	3332.48	200.67	-3.07	6.80	62.58
689	3332.48	199.73	-2.37	6.70	62.62
690	3332.48	198.80	-2.20	6.70	62.62
691	3332.48	198.63	-1.90	6.77	62.64
692	3332.48	199.10	-2.47	6.70	62.63
693	3332.48	199.47	-3.03	6.53	62.65
694	3332.48	199.20	-3.27	6.50	62.67
695	3332.48	198.60	-2.90	6.33	62.67
696	3332.48	198.70	-3.43	6.47	62.66
697	3332.48	198.93	-2.20	6.53	62.63
698	3332.48	199.23	-2.17	6.67	62.64
699	3332.48	198.93	-1.47	6.83	62.66
700	3332.48	199.53	-2.77	6.83	62.67
701	3332.48	199.87	-4.27	6.90	62.67
702	3332.48	200.37	-4.03	6.73	62.65
703	3332.48	199.63	-2.60	6.77	62.64
704	3332.48	199.63	-1.03	6.77	62.62
705	3332.48	199.37	-1.13	6.67	62.62
706	3332.48	199.77	-3.47	6.53	62.62
707	3332.48	200.17	-5.43	6.47	62.64
708	3332.48	199.87	-5.27	6.53	62.64
709	3332.48	199.10	-2.87	6.60	62.63
710	3332.48	198.33	-1.30	6.63	62.62
711	3332.48	199.00	-1.97	6.60	62.63
712	3332.48	199.67	-3.03	6.50	62.64
713	3332.48	200.43	-0.63	6.43	62.65
714	3332.48	200.23	-0.03	6.37	62.65
715	3332.48	200.10	-0.27	6.50	62.63
716	3332.48	199.27	-2.27	6.50	62.63
717	3332.48	199.43	-2.37	6.53	62.62
718	3332.48	199.67	-2.47	6.40	62.64
719	3332.48	199.93	-2.90	6.37	62.64
720	3332.48	199.60	-1.60	6.27	62.65
721	3332.48	199.63	-1.73	6.30	62.65
722	3332.48	199.90	-1.47	6.33	62.64
723	3332.48	199.87	-2.47	6.37	62.63
724	3332.48	199.73	-2.37	6.10	62.63
725	3332.48	199.17	-2.67	6.10	62.63
726	3332.48	199.37	-3.13	6.07	62.63
727	3332.48	199.27	-1.90	6.30	62.63
728	3332.48	199.37	-0.97	6.27	62.63
729	3332.48	199.33	-1.53	6.30	62.63
730	3332.48	199.33	-2.93	6.37	62.63
731	3332.48	199.73	-3.23	6.43	62.63
732	3332.48	200.03	-1.17	6.47	62.64
733	3332.48	199.77	-0.77	6.33	62.64
734	3332.48	199.10	-1.23	6.37	62.65
735	3332.48	198.77	-2.47	6.37	62.64
736	3332.48	199.27	-2.30	6.43	62.63
737	3332.48	199.47	-2.33	6.40	62.62
738	3332.48	199.53	-2.67	6.33	62.62
739	3332.48	199.43	-3.10	6.20	62.64
740	3332.48	199.93	-3.00	6.07	62.65
741	3332.48	199.63	-4.37	6.13	62.65
742	3332.48	198.97	-4.13	6.23	62.64
743	3332.48	199.00	-3.87	6.30	62.62
744	3332.48	199.03	-2.50	6.27	62.62
745	3332.48	199.17	-2.70	6.23	62.64
746	3332.48	199.07	-3.20	5.87	62.66
747	3332.48	199.43	-3.43	5.67	62.66
748	3332.48	199.50	-3.20	5.67	62.64
749	3332.48	198.47	-2.80	5.97	62.62
750	3332.48	198.37	-2.63	6.10	62.60
751	3332.48	198.60	-2.87	6.07	62.60
752	3332.48	199.43	-3.70	6.00	62.62
753	3332.48	199.67	-4.00	5.93	62.64
754	3332.48	200.53	-2.70	5.90	62.65
755	3332.48	200.30	-1.90	6.00	62.64
756	3332.48	199.83	-1.13	6.03	62.63
757	3332.48	199.73	-2.53	6.17	62.63
758	3332.48	200.23	-2.30	6.10	62.63
759	3332.48	200.73	-2.50	6.07	62.63
760	3332.48	200.20	-2.37	5.97	62.64
761	3332.48	200.80	-2.50	5.93	62.64
762	3332.48	200.23	-2.33	5.97	62.64
763	3332.48	199.73	-2.20	6.03	62.62
764	3332.48	199.03	-2.07	6.13	62.62
765	3332.48	198.67	-1.60	6.17	62.62
766	3332.48	199.03	-1.60	6.07	62.64
767	3332.48	198.97	-2.27	5.97	62.64
768	3332.48	199.73	-3.87	5.97	62.64
769	3332.48	200.50	-3.97	6.10	62.64
770	3332.48	200.60	-3.30	6.13	62.62
771	3332.48	200.00	-2.27	6.13	62.62
772	3332.48	199.20	-2.20	6.03	62.61
773	3332.48	198.97	-2.73	6.00	62.64
774	3332.48	199.23	-2.73	5.97	62.63
775	3332.48	199.13	-2.60	6.03	62.61
776	3332.48	199.47	-3.43	6.10	62.60
777	3332.48	199.20	-3.27	6.13	62.61
778	3332.48	198.97	-3.37	6.03	62.64
779	3332.48	198.57	-2.67	6.00	62.64
780	3332.48	198.67	-2.93	5.97	62.64
781	3332.48	198.83	-2.90	6.00	62.64
782	3332.48	199.33	-2.37	6.03	62.63
783	3332.48	199.50	-3.27	6.07	62.63
784	3332.48	199.53	-3.73	6.03	62.63
785	3332.48	199.17	-4.07	5.93	62.64
786	3332.48	199.83	-3.27	6.13	62.61
787	3332.48	200.20	-3.00	6.23	62.61
788	3332.48	200.43	-2.67	6.20	62.61
789	3332.48	199.67	-2.50	5.97	62.64
790	3332.48	199.50	-2.87	5.80	62.65
791	3332.48	199.57	-3.03	5.87	62.65
792	3332.48	199.20	-2.80	5.83	62.65
793	3332.48	199.13	-1.10	5.90	62.64
794	3332.48	198.73	-1.10	5.90	62.62
795	3332.48	199.43	-3.10	5.87	62.63
796	3332.48	199.70	-4.57	5.80	62.63
797	3332.48	199.50	-4.47	5.60	62.65
798	3332.48	199.37	-2.70	5.63	62.65
799	3332.48	199.17	-3.03	5.77	62.64
800	3332.48	199.83	-3.27	5.97	62.62
801	3332.48	200.20	-3.40	5.87	62.62
802	3332.48	200.00	-3.10	5.67	62.63
803	3332.48	199.80	-3.03	5.57	62.65
804	3332.48	199.30	-3.07	5.70	62.64
805	3332.48	199.30	-2.73	5.83	62.62
806	3332.48	199.23	-3.40	5.80	62.62
807	3332.48	199.57	-5.13	5.63	62.62
808	3332.48	200.37	-4.90	5.50	62.64
809	3332.48	200.43	-3.40	5.57	62.64
810	3332.48	200.00	-1.40	5.60	62.64
811	3332.48	199.80	-1.37	5.67	62.63
812	3332.48	199.50	-2.20	5.63	62.62
813	3332.48	200.00	-2.43	5.67	62.63
814	3332.48	199.53	-3.00	5.60	62.64
815	3332.48	199.60	-3.10	5.67	62.65
816	3332.48	199.67	-2.90	5.57	62.62
817	3332.48	199.90	-2.57	5.67	62.59
818	3332.48	199.57	-2.40	5.67	62.58
819	3332.48	198.70	-2.70	5.73	62.60
820	3332.48	198.83	-3.13	5.63	62.60
821	3332.48	199.37	-3.17	5.50	62.62
822	3332.48	199.53	-2.53	5.50	62.62
823	3332.48	198.50	-2.07	5.60	62.63
824	3332.48	198.07	-1.97	5.73	62.62
825	3332.48	199.53	-2.27	5.77	62.62
826	3332.48	200.30	-2.63	5.73	62.63
827	3332.48	200.53	-2.67	6.00	62.62
828	3332.48	199.07	-2.97	6.13	62.63
829	3332.48	199.17	-2.63	6.13	62.63
830	3332.48	198.67	-2.50	5.87	62.63
831	3332.48	198.80	-2.83	5.73	62.62
832	3332.48	199.33	-2.93	5.67	62.63
833	3332.48	199.77	-3.50	5.57	62.63
834	3332.48	198.83	-2.90	5.50	62.65
835	3332.48	198.30	-3.07	5.77	62.62
836	3332.48	198.43	-2.50	5.90	62.62
837	3332.48	200.07	-2.53	6.10	62.60
838	3332.48	199.57	-2.23	5.83	62.61
839	3332.48	200.03	-2.57	5.77	62.62
840	3332.48	199.83	-2.40	5.53	62.63
841	3332.48	200.23	-4.17	5.57	62.64
842	3332.48	200.03	-3.03	5.53	62.63
843	3332.48	199.63	-2.87	5.63	62.62
844	3332.48	199.40	-1.07	5.60	62.62
845	3332.48	199.47	-2.10	5.50	62.63
846	3332.48	199.63	-2.60	5.33	62.63
847	3332.48	200.10	-2.97	5.30	62.63
848	3332.48	199.93	-3.00	5.33	62.63
849	3332.48	199.53	-2.63	5.57	62.63
850	3332.48	199.97	-2.40	5.60	62.62
851	3332.48	199.37	-2.33	5.57	62.62
852	3332.48	199.60	-3.00	5.30	62.62
853	3332.48	198.83	-3.10	5.23	62.64
854	3332.48	200.20	-3.13	5.30	62.63
855	3332.48	200.17	-2.67	5.30	62.63
856	3332.48	200.50	-2.73	5.37	62.61
857	3332.48	199.60	-2.77	5.33	62.61
858	3332.48	199.50	-2.83	5.33	62.61
859	3332.48	199.17	-2.97	5.17	62.63
860	3332.48	199.17	-3.03	5.13	62.60
861	3332.48	199.57	-2.77	5.20	62.60
862	3332.48	199.17	-2.27	5.33	62.60
863	3332.48	198.80	-2.07	5.33	62.62
864	3332.48	199.03	-1.83	5.27	62.62
865	3332.48	199.13	-2.47	5.20	62.63
866	3332.48	199.67	-2.47	5.10	62.64
867	3332.48	199.87	-4.00	5.10	62.63
868	3332.48	200.10	-3.40	5.10	62.62
869	3332.48	199.97	-3.13	5.17	62.62
870	3332.48	199.17	-2.10	5.17	62.62
871	3332.48	199.70	-2.63	5.13	62.63
872	3332.48	199.80	-3.20	5.10	62.64
873	3332.48	200.63	-3.23	5.10	62.64
874	3332.48	200.73	-2.70	5.13	62.64
875	3332.48	200.27	-3.57	5.20	62.62
876	3332.48	199.13	-3.63	5.23	62.62
877	3332.48	199.43	-4.03	5.23	62.63
878	3332.48	199.63	-3.27	5.03	62.64
879	3332.48	200.37	-3.30	5.07	62.64
880	3332.48	199.43	-2.57	5.03	62.63
881	3332.48	199.50	-2.13	5.23	62.62
882	3332.48	199.07	-1.70	5.13	62.63
883	3332.48	199.53	-2.17	5.03	62.62
884	3332.48	199.13	-2.37	4.90	62.63
885	3332.48	198.47	-2.73	4.80	62.64
886	3332.48	197.87	-2.83	4.97	62.64
887	3332.48	197.90	-2.47	5.07	62.64
888	3332.48	198.50	-2.17	5.20	62.63
889	3332.48	199.47	-2.10	5.13	62.63
890	3332.48	199.97	-2.43	5.03	62.63
891	3332.48	200.10	-2.93	4.97	62.63
892	3332.48	199.37	-2.93	4.93	62.63
893	3332.48	199.17	-3.70	5.03	62.62
894	3332.48	199.10	-3.30	5.13	62.64
895	3332.48	199.53	-4.33	5.13	62.64
896	3332.48	199.33	-3.60	5.07	62.65
897	3332.48	199.03	-4.03	4.80	62.64
898	3332.48	199.50	-3.97	4.80	62.64
899	3332.48	199.97	-3.53	4.83	62.63
900	3332.48	200.23	-3.03	5.10	62.62
901	3332.48	199.17	-1.17	5.07	62.62
902	3332.48	199.30	-1.70	5.00	62.63
903	3332.48	199.37	-1.97	4.90	62.64
904	3332.48	199.63	-2.80	4.97	62.63
905	3332.48	199.00	-2.40	5.20	62.61
906	3332.48	198.60	-2.20	5.33	62.59
907	3332.48	197.57	-2.20	5.33	62.60
908	3332.48	198.30	-2.40	5.13	62.63
909	3332.48	198.90	-2.80	5.00	62.64
910	3332.48	199.67	-3.20	4.93	62.64
911	3332.48	199.57	-4.13	4.90	62.64
912	3332.48	199.43	-2.23	4.97	62.63
913	3332.48	199.80	-1.67	5.00	62.62
914	3332.48	199.67	-0.40	4.97	62.62
915	3332.48	199.27	-1.90	5.00	62.63
916	3332.48	199.60	-2.10	4.93	62.64
917	3332.48	199.27	-2.67	4.90	62.62
918	3332.48	199.63	-2.97	4.43	62.62
919	3332.48	199.70	-3.17	4.63	62.60
920	3332.48	199.87	-2.77	4.73	62.62
921	3332.48	198.97	-2.33	5.13	62.61
922	3332.48	198.33	-2.27	4.93	62.62
923	3332.48	197.97	-2.37	4.80	62.62
924	3332.48	198.83	-2.80	4.83	62.63
925	3332.48	199.10	-3.27	4.77	62.63
926	3332.48	199.93	-3.13	4.73	62.64
927	3332.48	200.23	-3.07	4.60	62.63
928	3332.48	200.47	-2.17	4.43	62.63
929	3332.48	199.83	-2.00	4.53	62.62
930	3332.48	199.47	-2.10	4.57	62.62
931	3332.48	198.33	-2.53	4.73	62.62
932	3332.48	198.47	-2.83	4.67	62.64
933	3332.48	198.97	-3.03	4.67	62.63
934	3332.48	199.63	-2.80	4.73	62.64
935	3332.48	199.57	-3.00	4.80	62.63
936	3332.48	199.37	-2.33	4.83	62.61
937	3332.48	199.17	-2.17	4.83	62.60
938	3332.48	199.70	-2.20	5.10	62.60
939	3332.48	198.67	-2.20	4.97	62.62
940	3332.48	199.20	-2.87	4.87	62.63
941	3332.48	198.80	-2.80	4.30	62.63
942	3332.48	199.83	-3.23	4.33	62.63
943	3332.48	199.40	-2.70	4.40	62.64
944	3332.48	199.33	-2.47	4.67	62.63
945	3332.48	199.10	-2.10	4.63	62.62
946	3332.48	199.57	-1.80	4.60	62.63
947	3332.48	199.33	-2.03	4.47	62.64
948	3332.48	199.47	-2.23	4.43	62.65
949	3332.48	199.80	-2.60	4.33	62.64
950	3332.48	201.50	-2.73	4.27	62.64
951	3332.48	201.30	-2.73	4.30	62.64
952	3332.48	200.43	-2.73	4.37	62.62
953	3332.48	198.67	-2.77	4.53	62.61
954	3332.48	199.07	-2.13	4.53	62.61
955	3332.48	198.97	-2.00	4.53	62.62
956	3332.48	199.00	-1.73	4.47	62.61
957	3332.48	199.07	-2.50	4.37	62.62
958	3332.48	199.60	-2.97	4.27	62.62
959	3332.48	200.03	-3.03	4.27	62.63
960	3332.48	199.57	-2.67	4.27	62.61
961	3332.48	199.40	-2.40	4.33	62.61
962	3332.48	199.73	-2.10	4.53	62.59
963	3332.48	199.73	-2.20	4.80	62.61
964	3332.48	199.30	-2.23	4.93	62.60
965	3332.48	199.10	-2.43	4.73	62.61
966	3332.48	199.47	-2.63	4.53	62.62
967	3332.48	200.23	-2.93	4.50	62.65
968	3332.48	200.47	-2.70	4.50	62.65
969	3332.48	199.90	-2.13	4.70	62.64
970	3332.48	199.37	-1.33	4.63	62.62
971	3332.48	199.10	-1.37	4.63	62.62
972	3332.48	198.93	-1.67	4.40	62.62
973	3332.48	199.03	-2.30	4.30	62.66
974	3332.48	199.07	-3.97	4.30	62.67
975	3332.48	199.83	-3.93	4.30	62.67
976	3332.48	200.27	-3.83	4.40	62.64
977	3332.48	199.67	-2.33	4.37	62.63
978	3332.48	199.80	-2.17	4.33	62.62
979	3332.48	199.17	-2.07	4.07	62.63
980	3332.48	199.67	-1.83	3.97	62.63
981	3332.48	199.27	-2.00	3.90	62.63
982	3332.48	199.33	-2.27	4.10	62.62
983	3332.48	199.27	-2.33	4.13	62.62
984	3332.48	199.57	-2.60	4.27	62.62
985	3332.48	199.77	-3.23	4.27	62.62
986	3332.48	199.23	-3.23	4.30	62.61
987	3332.48	198.97	-3.33	4.20	62.62
988	3332.48	197.90	-2.87	4.10	62.63
989	3332.48	199.03	-3.33	4.13	62.63
990	3332.48	198.40	-3.10	4.13	62.63
991	3332.48	199.60	-2.67	4.30	62.62
992	3332.48	198.63	-2.17	4.33	62.61
993	3332.48	199.10	-1.87	4.37	62.60
994	3332.48	198.70	-1.77	4.23	62.60
995	3332.48	199.20	-2.20	4.03	62.65
996	3332.48	199.60	-2.73	3.97	62.66
997	3332.48	199.97	-3.13	3.90	62.67
998	3332.48	200.13	-2.80	3.93	62.65
999	3332.48	199.97	-1.70	3.97	62.65
1000	3332.48	200.03	-1.50	4.07	62.63
1001	3332.48	199.80	-1.97	4.13	62.61
1002	3332.48	200.40	-2.83	4.07	62.61
1003	3332.48	200.03	-2.83	4.00	62.62
1004	3332.48	200.17	-3.87	3.87	62.64
1005	3332.48	199.43	-4.13	3.87	62.63
1006	3332.48	200.10	-4.17	3.87	62.63
1007	3332.48	199.30	-2.73	3.90	62.63
1008	3332.48	199.57	-2.37	3.97	62.63
1009	3332.48	198.87	-2.17	3.97	62.61
1010	3332.48	199.40	-2.03	4.10	62.60
1011	3332.48	199.03	-1.97	4.07	62.60
1012	3332.48	199.10	-2.83	4.03	62.62
1013	3332.48	199.13	-3.00	3.90	62.63
1014	3332.48	199.83	-2.67	3.83	62.63
1015	3332.48	199.70	-1.97	3.80	62.64
1016	3332.48	199.67	-2.17	3.87	62.63
1017	3332.48	198.97	-2.70	3.90	62.63
1018	3332.48	199.53	-2.63	3.97	62.62
1019	3332.48	198.57	-2.37	3.97	62.62
1020	3332.48	198.90	-2.53	4.00	62.62
1021	3332.48	198.20	-3.43	3.97	62.62
1022	3332.48	198.93	-3.63	3.90	62.60
1023	3332.48	198.87	-3.60	3.83	62.60
1024	3332.48	199.50	-3.30	3.73	62.61
1025	3332.48	200.07	-3.37	3.70	62.65
1026	3332.48	199.50	-3.27	3.63	62.65
1027	3332.48	199.63	-2.97	3.67	62.64
1028	3332.48	199.10	-2.87	3.90	62.64
1029	3332.48	199.73	-2.60	3.97	62.63
1030	3332.48	199.77	-1.17	4.10	62.62
1031	3332.48	199.47	-2.87	3.97	62.63
1032	3332.48	199.50	-3.10	4.00	62.63
1033	3332.48	198.93	-4.37	3.87	62.63
1034	3332.48	199.60	-2.50	3.83	62.62
1035	3332.48	199.73	-2.57	3.73	62.63
1036	3332.48	200.27	-2.83	3.63	62.65
1037	3332.48	201.73	-3.43	3.53	62.65
1038	3332.48	201.47	-3.50	3.50	62.66
1039	3332.48	201.13	-3.40	3.60	62.65
1040	3332.48	199.20	-2.53	3.63	62.64
1041	3332.48	199.53	-2.27	3.73	62.63
1042	3332.48	199.37	-1.70	3.63	62.63
1043	3332.48	200.07	-1.90	3.73	62.62
1044	3332.48	199.57	-1.93	3.77	62.62
1045	3332.48	198.90	-2.23	3.93	62.61
1046	3332.48	197.97	-2.23	3.83	62.61
1047	3332.48	197.57	-2.03	3.67	62.61
1048	3332.48	198.77	-2.10	3.60	62.61
1049	3332.48	199.20	-2.97	3.57	62.62
1050	3332.48	200.20	-3.37	3.63	62.62
1051	3332.48	199.53	-3.33	3.60	62.64
1052	3332.48	199.97	-3.00	3.90	62.64
1053	3332.48	199.47	-2.87	3.90	62.65
1054	3332.48	200.00	-3.00	4.20	62.64
1055	3332.48	200.57	-3.00	3.93	62.64
1056	3332.48	200.13	-2.30	4.03	62.64
1057	3332.48	199.03	-2.13	3.77	62.64
1058	3332.48	198.60	-1.67	3.83	62.63
1059	3332.48	199.27	-2.53	3.83	62.62
1060	3332.48	200.53	-2.63	3.90	62.62
1061	3332.48	200.20	-2.47	3.90	62.61
1062	3332.48	199.87	-2.40	4.10	62.63
1063	3332.48	199.00	-2.20	4.13	62.63
1064	3332.48	199.50	-2.50	4.20	62.63
1065	3332.48	199.57	-2.50	4.00	62.62
1066	3332.48	200.07	-1.70	3.97	62.62
1067	3332.48	199.43	-0.27	3.87	62.63
1068	3332.48	199.50	0.03	3.83	62.63
1069	3332.48	199.13	-1.37	3.83	62.62
1070	3332.48	199.47	-3.20	3.80	62.62
1071	3332.48	200.20	-3.63	3.80	62.61
1072	3332.48	200.83	-3.30	3.73	62.63
1073	3332.48	200.20	-2.73	3.63	62.61
1074	3332.48	199.00	-2.40	3.73	62.61
1075	3332.48	198.57	-2.27	3.80	62.60
1076	3332.48	198.53	-1.57	4.00	62.60
1077	3332.48	199.00	-1.87	4.00	62.59
1078	3332.48	199.27	-1.93	3.97	62.60
1079	3332.48	199.73	-3.03	3.93	62.62
1080	3332.48	199.33	-3.77	3.80	62.63
1081	3332.48	199.37	-3.67	3.83	62.63
1082	3332.48	199.57	-3.47	3.80	62.64
1083	3332.48	199.77	-2.63	3.87	62.65
1084	3332.48	199.90	-2.47	3.93	62.63
1085	3332.48	199.40	-2.50	4.00	62.63
1086	3332.48	199.17	-1.97	4.03	62.60
1087	3332.48	198.27	-1.77	3.97	62.64
1088	3332.48	198.80	-1.70	3.90	62.64
1089	3332.48	199.57	-3.40	3.83	62.65
1090	3332.48	200.27	-5.17	3.77	62.63
1091	3332.48	200.13	-5.60	3.83	62.64
1092	3332.48	200.03	-4.57	3.90	62.63
1093	3332.48	200.00	-3.13	3.97	62.61
1094	3332.48	199.27	-2.43	4.00	62.61
1095	3332.48	198.93	-1.50	3.97	62.60
1096	3332.48	198.37	-1.53	4.00	62.62
1097	3332.48	199.33	-2.57	3.90	62.62
1098	3332.48	199.27	-4.10	3.87	62.63
1099	3332.48	199.97	-4.20	3.77	62.64
1100	3332.48	199.70	-3.50	3.73	62.62
1101	3332.48	200.10	-2.57	3.63	62.60
1102	3332.48	199.60	-2.30	3.63	62.59
1103	3332.48	198.97	-2.10	3.63	62.60
1104	3332.48	198.07	-1.90	3.60	62.62
1105	3332.48	198.03	-2.03	3.37	62.63
1106	3332.48	198.47	-2.13	3.30	62.64
1107	3332.48	199.67	-2.73	3.37	62.65
1108	3332.48	199.97	-3.23	3.53	62.64
1109	3332.48	200.17	-2.03	3.53	62.63
1110	3332.48	200.47	-2.10	3.53	62.63
1111	3332.48	201.27	-1.60	3.67	62.64
1112	3332.48	201.10	-2.57	3.77	62.64
1113	3332.48	200.23	-2.07	3.90	62.64
1114	3332.48	199.20	-2.00	3.90	62.61
1115	3332.48	199.40	-2.27	3.83	62.61
1116	3332.48	199.10	-2.30	3.73	62.61
1117	3332.48	199.30	-2.50	3.63	62.63
1118	3332.48	198.90	-2.50	3.60	62.64
1119	3332.48	200.47	-1.43	3.53	62.64
1120	3332.48	200.70	-1.33	3.67	62.63
1121	3332.48	200.43	-1.17	3.83	62.62
1122	3332.48	199.13	-2.27	3.93	62.61
1123	3332.48	198.90	-3.17	3.83	62.60
1124	3332.48	199.30	-3.07	3.73	62.61
1125	3332.48	199.00	-3.37	3.70	62.61
1126	3332.48	199.43	-2.73	3.57	62.60
1127	3332.48	199.70	-2.90	3.50	62.61
1128	3332.48	200.33	-2.83	3.50	62.61
1129	3332.48	199.47	-2.67	3.63	62.63
1130	3332.48	199.67	-2.50	3.77	62.62
1131	3332.48	199.33	-2.13	3.77	62.61
1132	3332.48	199.87	-2.07	3.67	62.61
1133	3332.48	199.73	-2.33	3.53	62.62
1134	3332.48	199.60	-2.67	3.47	62.63
1135	3332.48	200.03	-2.93	3.47	62.63
1136	3332.48	201.03	-2.63	3.50	62.63
1137	3332.48	201.17	-2.57	3.60	62.62
1138	3332.48	200.73	-3.90	3.67	62.61
1139	3332.48	199.60	-4.03	3.63	62.59
1140	3332.48	199.90	-3.87	3.57	62.60
1141	3332.48	200.07	-2.20	3.57	62.59
1142	3332.48	200.43	-2.43	3.50	62.62
1143	3332.48	200.07	-2.77	3.40	62.63
1144	3332.48	199.70	-3.17	3.33	62.63
1145	3332.48	198.90	-3.00	3.40	62.62
1146	3332.48	199.27	-2.80	3.47	62.62
1147	3332.48	199.53	-2.27	3.47	62.62
1148	3332.48	199.80	-2.13	3.47	62.62
1149	3332.48	199.63	-2.13	3.40	62.62
1150	3332.48	199.07	-2.37	3.37	62.63
1151	3332.48	199.60	-2.60	3.27	62.63
1152	3332.48	199.40	-2.93	3.23	62.63
1153	3332.48	200.10	-2.97	3.30	62.62
1154	3332.48	199.33	-2.73	3.40	62.63
1155	3332.48	199.20	-2.47	3.67	62.63
1156	3332.48	199.07	-2.53	3.63	62.63
1157	3332.48	199.13	-2.80	3.57	62.62
1158	3332.48	199.23	-3.57	3.30	62.62
1159	3332.48	199.73	-3.40	3.27	62.63
1160	3332.48	199.50	-3.40	3.37	62.63
1161	3332.48	199.83	-2.33	3.50	62.63
1162	3332.48	199.07	-2.17	3.53	62.62
1163	3332.48	199.47	-1.90	3.47	62.62
1164	3332.48	198.77	-2.10	3.40	62.62
1165	3332.48	199.00	-2.37	3.37	62.62
1166	3332.48	199.43	-2.20	3.23	62.63
1167	3332.48	199.57	-1.83	3.03	62.64
1168	3332.48	199.40	-1.70	3.10	62.64
1169	3332.48	198.90	-1.83	3.23	62.62
1170	3332.48	198.57	-1.83	3.33	62.63
1171	3332.48	198.23	-1.83	3.20	62.64
1172	3332.48	198.37	-1.93	3.03	62.66
1173	3332.48	199.47	-2.53	3.03	62.63
1174	3332.48	200.50	-2.53	3.07	62.63
1175	3332.48	200.70	-2.57	3.20	62.62
1176	3332.48	199.80	-2.43	3.23	62.61
1177	3332.48	199.67	-2.13	3.20	62.62
1178	3332.48	199.40	-2.47	3.13	62.62
1179	3332.48	199.80	-2.90	3.10	62.63
1180	3332.48	199.00	-3.20	3.07	62.63
1181	3332.48	198.93	-2.83	3.17	62.63
1182	3332.48	198.40	-1.83	3.43	62.59
1183	3332.48	198.27	-4.13	3.47	62.58
1184	3332.48	198.47	-4.40	3.30	62.59
1185	3332.48	198.97	-5.03	3.03	62.63
1186	3332.48	200.33	-2.97	3.07	62.63
1187	3332.48	199.97	-2.57	3.50	62.63
1188	3332.48	200.13	-1.90	3.53	62.61
1189	3332.48	198.30	-1.80	3.23	62.60
1190	3332.48	198.40	-2.07	2.83	62.60
1191	3332.48	198.47	-4.50	2.77	62.61
1192	3332.48	199.87	-4.30	3.03	62.63
1193	3332.48	200.00	-3.57	3.10	62.62
1194	3332.48	199.50	-1.60	3.17	62.60
1195	3332.48	198.87	-1.33	3.07	62.59
1196	3332.48	198.43	-2.10	3.00	62.60
1197	3332.48	198.67	-2.50	2.93	62.63
1198	3332.48	198.87	-2.73	2.93	62.63
1199	3332.48	198.93	-2.67	3.00	62.62
1200	3332.48	199.30	-2.10	3.23	62.62
1201	3332.48	199.03	-2.47	3.33	62.62
1202	3332.48	199.00	-2.77	3.27	62.63
1203	3332.48	199.57	-3.13	3.00	62.61
1204	3332.48	200.37	-3.10	3.00	62.61
1205	3332.48	200.80	-2.47	3.07	62.62
1206	3332.48	200.83	-2.20	3.13	62.64
1207	3332.48	200.67	-2.17	3.20	62.63
1208	3332.48	200.47	-2.63	3.13	62.62
1209	3332.48	199.97	-3.10	3.10	62.62
1210	3332.48	199.70	-2.73	3.07	62.63
1211	3332.48	199.60	-3.53	3.17	62.62
1212	3332.48	199.63	-3.03	3.30	62.63
1213	3332.48	199.73	-3.03	3.20	62.63
1214	3332.48	200.33	-2.40	3.10	62.64
1215	3332.48	199.63	-2.70	2.97	62.66
1216	3332.48	198.97	-2.70	3.07	62.65
1217	3332.48	197.93	-1.40	3.13	62.64
1218	3332.48	198.43	-0.40	3.17	62.61
1219	3332.48	198.70	-0.57	3.10	62.61
1220	3332.48	200.43	-1.67	2.83	62.64
1221	3332.48	200.40	-2.73	2.87	62.65
1222	3332.48	199.97	-2.47	2.67	62.64
1223	3332.48	199.20	-2.50	2.87	62.61
1224	3332.48	198.77	-3.20	2.83	62.61
1225	3332.48	199.77	-3.73	3.00	62.61
1226	3332.48	199.83	-3.43	2.93	62.62
1227	3332.48	199.97	-2.50	3.00	62.61
1228	3332.48	199.50	-3.10	3.07	62.61
1229	3332.48	199.17	-3.00	3.13	62.62
1230	3332.48	199.30	-3.10	3.00	62.64
1231	3332.48	199.23	-2.13	2.60	62.65
1232	3332.48	199.17	-2.17	2.60	62.63
1233	3332.48	198.93	-1.90	2.87	62.62
1234	3332.48	198.37	-1.77	3.23	62.61
1235	3332.48	198.37	-2.03	3.17	62.62
1236	3332.48	198.57	-2.47	2.93	62.63
1237	3332.48	198.97	-2.40	2.93	62.63
1238	3332.48	199.30	-2.20	2.87	62.62
1239	3332.48	199.37	-2.00	2.93	62.61
1240	3332.48	199.70	-2.63	2.90	62.61
1241	3332.48	199.37	-3.80	3.00	62.62
1242	3332.48	199.23	-3.57	2.90	62.63
1243	3332.48	199.33	-3.47	2.93	62.61
1244	3332.48	199.50	-2.30	3.00	62.61
1245	3332.48	199.80	-2.50	3.03	62.61
1246	3332.48	199.47	-2.67	2.93	62.62
1247	3332.48	198.87	-3.13	2.87	62.65
1248	3332.48	198.20	-2.77	2.80	62.65
1249	3332.48	198.37	-2.20	2.90	62.64
1250	3332.48	198.77	-1.70	2.90	62.62
1251	3332.48	199.30	-2.27	2.90	62.61
1252	3332.48	199.13	-2.47	2.77	62.62
1253	3332.48	199.40	-1.90	2.73	62.63
1254	3332.48	199.60	-1.60	2.83	62.62
1255	3332.48	200.47	-1.27	3.00	62.61
1256	3332.48	200.77	-2.07	3.07	62.60
1257	3332.48	200.43	-2.17	2.93	62.61
1258	3332.48	199.37	-3.00	2.73	62.61
1259	3332.48	198.30	-2.73	2.63	62.63
1260	3332.48	198.63	-3.17	2.73	62.63
1261	3332.48	198.90	-2.67	2.77	62.63
1262	3332.48	199.33	-2.50	2.83	62.61
1263	3332.48	198.47	-2.37	2.80	62.61
1264	3332.48	198.83	-2.60	2.87	62.62
1265	3332.48	199.13	-3.03	2.80	62.62
1266	3332.48	199.97	-2.80	2.83	62.62
1267	3332.48	200.30	0.00	2.90	62.61
1268	3332.48	201.30	-0.10	2.93	62.61
1269	3332.48	201.53	-0.27	2.87	62.61
1270	3332.48	200.60	-3.07	2.80	62.62
1271	3332.48	199.40	-2.80	2.77	62.64
1272	3332.48	198.80	-2.50	2.80	62.64
1273	3332.48	198.83	-2.23	2.83	62.62
1274	3332.48	199.53	-2.67	3.17	62.61
1275	3332.48	199.40	-2.93	3.07	62.62
1276	3332.48	200.30	-3.03	3.03	62.62
1277	3332.48	199.93	-2.67	2.83	62.62
1278	3332.48	200.17	-1.50	3.03	62.61
1279	3332.48	199.20	-1.47	3.10	62.61
1280	3332.48	198.87	-1.60	2.93	62.63
1281	3332.48	198.67	-2.67	2.80	62.64
1282	3332.48	199.60	-2.90	3.03	62.65
1283	3332.48	199.97	-2.50	3.17	62.62
1284	3332.48	200.30	-2.20	3.23	62.61
1285	3332.48	199.80	-1.67	2.93	62.61
1286	3332.48	199.40	-2.00	2.73	62.61
1287	3332.48	199.17	-3.13	2.63	62.62
1288	3332.48	199.00	-3.23	2.57	62.63
1289	3332.48	199.20	-3.03	2.83	62.62
1290	3332.48	198.83	-1.90	3.03	62.61
1291	3332.48	199.00	-2.03	3.17	62.60
1292	3332.48	199.00	-2.63	3.13	62.61
1293	3332.48	199.27	-2.97	2.90	62.63
1294	3332.48	199.30	-3.13	2.93	62.63
1295	3332.48	198.93	-2.70	2.87	62.62
1296	3332.48	198.00	-2.23	2.90	62.62
1297	3332.48	198.03	-2.50	2.80	62.62
1298	3332.48	197.53	-2.47	2.73	62.63
1299	3332.48	198.83	-2.43	2.97	62.62
1300	3332.48	199.10	-1.47	3.07	62.62
1301	3332.48	199.40	-1.53	2.97	62.62
1302	3332.48	198.77	-2.17	2.63	62.63
1303	3332.48	198.43	-2.47	2.47	62.63
1304	3332.48	198.50	-2.20	2.57	62.62
1305	3332.48	199.43	-2.13	2.73	62.62
1306	3332.48	199.63	-2.37	2.73	62.62
1307	3332.48	199.90	-2.63	2.73	62.63
1308	3332.48	198.77	-2.00	2.60	62.62
1309	3332.48	198.27	-1.87	2.70	62.62
1310	3332.48	198.13	-2.10	2.63	62.61
1311	3332.48	198.30	-2.40	2.57	62.62
1312	3332.48	198.97	-2.67	2.53	62.62
1313	3332.48	198.70	-3.17	2.63	62.63
1314	3332.48	199.47	-3.03	2.83	62.61
1315	3332.48	199.63	-2.77	2.77	62.61
1316	3332.48	201.00	-1.87	2.63	62.61
1317	3332.48	200.73	-2.37	2.67	62.65
1318	3332.48	200.13	-1.97	2.70	62.65
1319	3332.48	198.80	-1.97	2.77	62.64
1320	3332.48	198.43	-1.87	2.63	62.60
1321	3332.48	198.30	-2.37	2.67	62.61
1322	3332.48	198.93	-2.43	2.60	62.63
1323	3332.48	199.10	-2.23	2.57	62.64
1324	3332.48	198.80	-2.23	2.50	62.63
1325	3332.48	198.87	-2.10	2.60	62.62
1326	3332.48	198.90	-2.07	2.73	62.59
1327	3332.48	198.80	-2.47	2.67	62.60
1328	3332.48	198.53	-3.90	2.53	62.60
1329	3332.48	198.77	-4.10	2.47	62.62
1330	3332.48	198.57	-3.50	2.40	62.62
1331	3332.48	198.00	-0.53	2.37	62.61
1332	3332.48	197.73	-0.20	2.30	62.61
1333	3332.48	198.67	-0.70	2.67	62.62
1334	3332.48	199.67	-2.53	2.77	62.63
1335	3332.48	199.63	-2.77	2.67	62.63
1336	3332.48	199.40	-2.20	2.43	62.62
1337	3332.48	199.00	-2.13	2.57	62.61
1338	3332.48	199.30	-2.47	2.70	62.61
1339	3332.48	199.30	-3.07	2.87	62.60
1340	3332.48	198.50	-3.27	2.73	62.61
1341	3332.48	198.57	-2.77	3.07	62.60
1342	3332.48	198.90	-2.23	2.93	62.62
1343	3332.48	199.90	-2.07	3.00	62.61
1344	3332.48	199.30	-2.23	2.67	62.61
1345	3332.48	198.90	-2.67	2.57	62.62
1346	3332.48	199.70	-3.03	2.47	62.63
1347	3332.48	199.83	-2.53	2.40	62.63
1348	3332.48	199.63	-2.57	2.50	62.62
1349	3332.48	198.70	-1.77	2.73	62.61
1350	3332.48	198.87	-0.07	2.77	62.60
1351	3332.48	199.30	-0.23	2.57	62.63
1352	3332.48	199.50	-0.53	2.23	62.64
1353	3332.48	200.27	-2.93	2.20	62.65
1354	3332.48	199.97	-2.47	2.30	62.63
1355	3332.48	199.70	-2.23	2.47	62.62
1356	3332.48	199.37	-1.87	2.57	62.61
1357	3332.48	200.07	-2.13	2.43	62.60
1358	3332.48	199.93	-2.43	2.30	62.61
1359	3332.48	199.93	-1.67	2.13	62.63
1360	3332.48	199.60	-1.30	2.23	62.64
1361	3332.48	199.93	-1.40	2.40	62.63
1362	3332.48	199.60	-3.43	2.50	62.62
1363	3332.48	199.93	-3.47	2.60	62.61
1364	3332.48	200.80	-3.50	2.60	62.61
1365	3332.48	201.00	-2.27	2.57	62.62
1366	3332.48	200.37	-2.93	2.43	62.63
1367	3332.48	199.07	-2.83	2.30	62.63
1368	3332.48	198.53	-3.10	2.30	62.64
1369	3332.48	198.17	-2.50	2.40	62.63
1370	3332.48	198.23	-2.17	2.47	62.62
1371	3332.48	198.60	-1.87	2.63	62.59
1372	3332.48	199.27	-2.13	2.57	62.59
1373	3332.48	199.27	-3.27	2.53	62.60
1374	3332.48	199.37	-3.50	2.33	62.62
1375	3332.48	198.53	-3.47	2.33	62.63
1376	3332.48	198.50	-2.60	2.37	62.65
1377	3332.48	198.53	-2.57	2.43	62.64
1378	3332.48	199.10	-2.07	2.50	62.63
1379	3332.48	198.87	-2.00	2.23	62.58
1380	3332.48	198.63	-1.73	2.17	62.59
1381	3332.48	199.67	-2.43	2.13	62.60
1382	3332.48	199.97	-2.80	2.20	62.62
1383	3332.48	200.00	-2.87	2.27	62.61
1384	3332.48	199.00	-2.23	2.23	62.59
1385	3332.48	198.90	-0.37	2.47	62.58
1386	3332.48	198.53	-0.50	2.50	62.59
1387	3332.48	198.27	-0.77	2.57	62.61
1388	3332.48	198.77	-2.67	2.57	62.62
1389	3332.48	199.37	-2.77	2.57	62.61
1390	3332.48	199.93	-2.77	2.63	62.61
1391	3332.48	199.40	-2.17	2.70	62.61
1392	3332.48	198.60	-1.97	2.70	62.62
1393	3332.48	198.57	-1.97	2.63	62.61
1394	3332.48	199.00	-3.00	2.47	62.61
1395	3332.48	199.70	-4.10	2.40	62.61
1396	3332.48	199.70	-4.40	2.43	62.63
1397	3332.48	199.63	-3.63	2.50	62.62
1398	3332.48	200.10	-2.47	2.30	62.60
1399	3332.48	199.73	-2.03	2.23	62.60
1400	3332.48	199.37	-2.87	2.20	62.60
1401	3332.48	198.50	-3.23	2.30	62.62
1402	3332.48	199.03	-3.67	2.37	62.62
1403	3332.48	199.40	-3.13	2.33	62.61
1404	3332.48	199.50	-2.57	2.40	62.61
1405	3332.48	199.23	-2.30	2.30	62.61
1406	3332.48	198.30	-1.67	2.23	62.61
1407	3332.48	198.67	-1.73	2.17	62.62
1408	3332.48	198.20	-1.83	2.10	62.63
1409	3332.48	198.83	-2.30	2.13	62.62
1410	3332.48	198.67	-2.77	2.13	62.61
1411	3332.48	198.60	-2.70	2.13	62.60
1412	3332.48	197.50	-2.40	2.07	62.60
1413	3332.48	197.80	-2.53	2.10	62.61
1414	3332.48	198.83	-2.67	2.13	62.62
1415	3332.48	200.17	-2.97	2.23	62.60
1416	3332.48	199.90	-2.47	2.10	62.62
1417	3332.48	198.97	-2.37	2.10	62.62
1418	3332.48	199.33	-2.50	2.00	62.66
1419	3332.48	199.83	-2.67	2.13	62.65
1420	3332.48	200.23	-2.63	1.93	62.66
1421	3332.48	200.03	-2.60	2.07	62.61
1422	3332.48	199.00	-2.50	2.13	62.61
1423	3332.48	198.93	-2.60	2.30	62.60
1424	3332.48	198.20	-2.83	2.20	62.62
1425	3332.48	198.80	-3.13	2.13	62.63
1426	3332.48	198.93	-3.00	2.13	62.62
1427	3332.48	199.17	-2.27	2.20	62.61
1428	3332.48	198.77	-1.83	2.23	62.60
1429	3332.48	199.10	-2.00	2.37	62.61
1430	3332.48	200.17	-2.70	2.37	62.61
1431	3332.48	200.57	-3.27	2.33	62.62
1432	3332.48	200.37	-3.03	2.23	62.63
1433	3332.48	199.67	-2.53	2.27	62.62
1434	3332.48	199.40	-2.03	2.57	62.62
1435	3332.48	198.97	-1.83	2.57	62.62
1436	3332.48	198.57	-1.47	2.47	62.62
1437	3332.48	198.80	-2.10	2.13	62.61
1438	3332.48	198.87	-3.20	2.10	62.62
1439	3332.48	199.83	-3.97	2.10	62.62
1440	3332.48	200.77	-3.63	2.20	62.62
1441	3332.48	200.50	-2.77	2.27	62.61
1442	3332.48	199.80	-1.47	2.37	62.60
1443	3332.48	199.40	-1.27	2.57	62.59
1444	3332.48	200.07	-1.50	2.57	62.59
1445	3332.48	200.40	-2.50	2.43	62.60
1446	3332.48	199.90	-2.70	2.13	62.62
1447	3332.48	198.07	-2.43	2.00	62.62
1448	3332.48	198.10	-2.83	2.03	62.62
1449	3332.48	198.47	-2.70	2.03	62.61
1450	3332.48	200.57	-2.53	2.27	62.60
1451	3332.48	200.17	-2.93	2.33	62.59
1452	3332.48	199.83	-2.63	2.40	62.62
1453	3332.48	198.50	-2.50	2.10	62.63
1454	3332.48	198.53	-1.90	2.07	62.64
1455	3332.48	198.70	-2.43	2.00	62.61
1456	3332.48	199.03	-3.03	1.80	62.61
1457	3332.48	199.57	-3.17	1.73	62.61
1458	3332.48	201.07	-3.27	1.63	62.63
1459	3332.48	201.50	-2.93	1.97	62.64
1460	3332.48	200.77	-2.60	2.07	62.63
1461	3332.48	198.97	-2.20	2.23	62.62
1462	3332.48	198.83	-1.20	2.23	62.60
1463	3332.48	198.43	-1.07	2.07	62.58
1464	3332.48	198.57	-2.10	2.00	62.59
1465	3332.48	198.73	-3.27	1.93	62.59
1466	3332.48	199.57	-3.23	2.03	62.62
1467	3332.48	199.67	-1.80	2.00	62.63
1468	3332.48	198.80	-1.87	2.07	62.63
1469	3332.48	198.47	-2.13	2.03	62.62
1470	3332.48	198.13	-2.50	2.00	62.60
1471	3332.48	198.00	-2.00	2.03	62.59
1472	3332.48	198.47	-2.07	2.13	62.59
1473	3332.48	198.90	-2.90	2.23	62.60
1474	3332.48	199.70	-3.20	2.17	62.60
1475	3332.48	199.40	-2.03	2.07	62.61
1476	3332.48	198.97	-1.63	2.00	62.67
1477	3332.48	199.17	-2.10	1.93	62.67
1478	3332.48	199.43	-2.67	1.97	62.66
1479	3332.48	200.00	-2.27	2.07	62.61
1480	3332.48	199.93	-1.77	2.17	62.59
1481	3332.48	199.23	-2.10	2.20	62.59
1482	3332.48	198.47	-2.10	2.10	62.60
1483	3332.48	198.73	-3.90	2.10	62.61
1484	3332.48	200.40	-4.00	2.00	62.61
1485	3332.48	200.43	-4.17	1.97	62.65
1486	3332.48	200.53	-2.67	1.93	62.66
1487	3332.48	200.10	-2.77	2.10	62.66
1488	3332.48	200.17	-2.70	2.20	62.62
1489	3332.48	199.83	-2.27	2.30	62.60
1490	3332.48	198.93	-2.07	2.23	62.60
1491	3332.48	199.17	-1.93	2.10	62.59
1492	3332.48	199.43	-2.27	2.00	62.60
1493	3332.48	199.57	-2.63	1.90	62.62
1494	3332.48	199.57	-1.93	1.93	62.63
1495	3332.48	199.03	-1.93	1.83	62.63
1496	3332.48	200.27	-2.00	2.00	62.62
1497	3332.48	200.57	-2.47	2.03	62.62
1498	3332.48	200.60	-2.00	2.10	62.61
1499	3332.48	199.60	-1.57	2.00	62.59
1500	3332.48	198.87	-2.00	2.00	62.59
1501	3332.48	199.33	-2.60	2.07	62.59
1502	3332.48	199.97	-2.97	2.00	62.62
1503	3332.48	200.40	-3.53	1.93	62.63
1504	3332.48	199.73	-5.03	1.90	62.62
1505	3332.48	198.40	-5.00	1.97	62.61
1506	3332.48	198.30	-4.13	2.13	62.60
1507	3332.48	198.63	-2.03	2.17	62.60
1508	3332.48	199.10	-1.80	2.10	62.60
1509	3332.48	199.20	-2.33	2.00	62.61
1510	3332.48	199.47	-2.77	2.00	62.62
1511	3332.48	199.67	-2.70	2.10	62.62
1512	3332.48	199.80	-2.23	2.20	62.62
1513	3332.48	199.47	-3.23	2.27	62.60
1514	3332.48	199.27	-3.17	2.30	62.59
1515	3332.48	199.33	-3.27	2.23	62.60
1516	3332.48	199.07	-0.97	2.13	62.61
1517	3332.48	199.17	-1.17	2.00	62.62
1518	3332.48	199.03	-1.17	2.00	62.63
1519	3332.48	199.20	-3.73	2.03	62.62
1520	3332.48	199.40	-3.33	1.97	62.63
1521	3332.48	198.87	-3.03	2.00	62.62
1522	3332.48	199.40	-1.60	2.03	62.61
1523	3332.48	199.17	-1.47	2.10	62.59
1524	3332.48	199.97	-1.83	1.97	62.59
1525	3332.48	199.70	-1.90	1.83	62.61
1526	3332.48	199.83	-2.60	1.83	62.62
1527	3332.48	198.87	-2.70	1.83	62.63
1528	3332.48	198.70	-2.97	1.93	62.62
1529	3332.48	198.80	-2.50	1.93	62.62
1530	3332.48	199.27	-2.77	2.00	62.61
1531	3332.48	198.67	-2.33	2.03	62.61
1532	3332.48	198.43	-3.63	2.07	62.61
1533	3332.48	198.47	-3.17	2.00	62.61
1534	3332.48	199.17	-3.50	1.87	62.62
1535	3332.48	199.47	-1.60	1.70	62.63
1536	3332.48	199.80	-1.83	1.63	62.64
1537	3332.48	200.17	-1.80	1.63	62.63
1538	3332.48	199.40	-2.37	1.67	62.62
1539	3332.48	198.87	-2.37	1.73	62.61
1540	3332.48	198.40	-1.97	1.70	62.60
1541	3332.48	198.20	-2.23	1.53	62.60
1542	3332.48	198.63	-2.27	1.47	62.61
1543	3332.48	198.43	-2.90	1.43	62.61
1544	3332.48	198.57	-3.13	1.63	62.62
1545	3332.48	198.73	-1.93	1.70	62.62
1546	3332.48	199.13	-1.10	1.77	62.59
1547	3332.48	199.17	-0.60	1.83	62.58
1548	3332.48	199.13	-2.57	1.90	62.58
1549	3332.48	198.97	-3.00	1.87	62.61
1550	3332.48	199.27	-3.67	1.80	62.62
1551	3332.48	199.13	-2.53	1.70	62.63
1552	3332.48	200.07	-2.90	1.77	62.62
1553	3332.48	200.10	-2.23	1.77	62.62
1554	3332.48	199.77	-2.23	1.90	62.60
1555	3332.48	199.03	-1.70	1.73	62.59
1556	3332.48	198.90	-1.90	1.73	62.59
1557	3332.48	199.03	-2.27	1.60	62.60
1558	3332.48	198.50	-1.43	1.63	62.62
1559	3332.48	198.50	-1.57	1.67	62.62
1560	3332.48	199.07	-1.30	1.67	62.62
1561	3332.48	198.80	-2.23	1.77	62.61
1562	3332.48	198.90	-2.07	1.77	62.60
1563	3332.48	198.53	-3.13	1.77	62.60
1564	3332.48	198.43	-3.43	1.73	62.61
1565	3332.48	198.67	-3.97	1.70	62.62
1566	3332.48	198.43	-2.80	1.80	62.63
1567	3332.48	199.67	-2.60	1.90	62.62
1568	3332.48	199.60	-2.27	2.27	62.63
1569	3332.48	199.33	-2.17	2.20	62.62
1570	3332.48	198.07	-2.40	2.07	62.63
1571	3332.48	197.90	-2.33	1.67	62.62
1572	3332.48	198.87	-2.50	1.67	62.62
1573	3332.48	199.77	-2.43	1.83	62.61
1574	3332.48	200.00	-2.03	1.93	62.60
1575	3332.48	199.60	-3.03	1.83	62.61
1576	3332.48	199.50	-3.47	1.67	62.62
1577	3332.48	199.40	-3.67	1.63	62.62
1578	3332.48	199.93	-2.57	1.73	62.61
1579	3332.48	200.53	-1.67	1.83	62.59
1580	3332.48	200.63	-2.13	1.83	62.59
1581	3332.48	200.37	-2.40	1.83	62.60
1582	3332.48	199.73	-3.13	1.73	62.63
1583	3332.48	199.90	-3.73	1.77	62.63
1584	3332.48	199.27	-3.53	1.60	62.61
1585	3332.48	199.73	-2.87	1.63	62.60
1586	3332.48	200.17	-2.00	1.50	62.61
1587	3332.48	201.00	-2.13	1.60	62.62
1588	3332.48	200.77	-2.63	1.63	62.62
1589	3332.48	200.43	-2.37	1.80	62.61
1590	3332.48	199.50	-2.07	1.97	62.60
1591	3332.48	199.73	-1.93	1.93	62.61
1592	3332.48	199.93	-2.37	1.77	62.62
1593	3332.48	200.60	-2.87	1.83	62.63
1594	3332.48	200.43	-2.50	1.97	62.62
1595	3332.48	199.13	-2.00	1.97	62.61
1596	3332.48	199.63	-3.33	1.77	62.60
1597	3332.48	199.77	-3.60	1.60	62.61
1598	3332.48	200.87	-4.07	1.70	62.62
1599	3332.48	200.03	-2.43	1.77	62.63
1600	3332.48	199.43	-2.07	1.83	62.62
1601	3332.48	198.60	-0.93	1.77	62.62
1602	3332.48	198.30	-1.43	1.67	62.61
1603	3332.48	198.47	-1.97	1.67	62.63
1604	3332.48	199.03	-2.90	1.77	62.62
1605	3332.48	199.37	-2.03	2.03	62.61
1606	3332.48	199.83	-1.80	2.03	62.60
1607	3332.48	199.87	-1.93	1.93	62.60
1608	3332.48	199.47	-2.70	1.67	62.61
1609	3332.48	198.47	-2.70	1.63	62.62
1610	3332.48	198.67	-2.37	1.90	62.62
1611	3332.48	198.67	-2.03	2.10	62.62
1612	3332.48	199.17	-1.93	2.07	62.62
1613	3332.48	199.17	-2.37	1.87	62.62
1614	3332.48	199.73	-2.57	1.60	62.62
1615	3332.48	198.90	-2.13	1.50	62.61
1616	3332.48	199.10	-1.80	1.60	62.60
1617	3332.48	199.43	-1.63	1.83	62.60
1618	3332.48	201.13	-2.30	1.93	62.61
1619	3332.48	201.03	-2.40	1.77	62.62
1620	3332.48	201.40	-2.20	1.53	62.61
1621	3332.48	200.67	-2.23	1.63	62.60
1622	3332.48	200.57	-2.40	1.67	62.60
1623	3332.48	199.47	-2.67	1.87	62.61
1624	3332.48	199.70	-2.87	1.73	62.62
1625	3332.48	198.50	-2.77	1.77	62.62
1626	3332.48	197.03	-2.40	1.50	62.61
1627	3332.48	196.37	-1.80	1.50	62.60
1628	3332.48	197.03	-1.70	1.40	62.60
1629	3332.48	198.97	-2.47	1.50	62.62
1630	3332.48	200.03	-2.57	1.53	62.63
1631	3332.48	200.50	-2.63	1.60	62.60
1632	3332.48	200.13	-2.10	1.63	62.59
1633	3332.48	199.77	-2.20	1.63	62.58
1634	3332.48	199.83	-2.50	1.60	62.60
1635	3332.48	200.33	-2.37	1.63	62.61
1636	3332.48	200.20	-1.97	1.60	62.61
1637	3332.48	199.47	-1.60	1.53	62.61
1638	3332.48	198.97	-1.60	1.53	62.60
1639	3332.48	198.93	-2.43	1.57	62.61
1640	3332.48	199.13	-2.47	1.57	62.62
1641	3332.48	199.57	-2.67	1.50	62.63
1642	3332.48	199.73	-2.10	1.53	62.62
1643	3332.48	200.03	-2.13	1.70	62.60
1644	3332.48	199.50	-2.47	1.77	62.63
1645	3332.48	199.73	-2.87	1.70	62.64
1646	3332.48	199.43	-2.73	1.60	62.65
1647	3332.48	199.67	-2.67	1.60	62.61
1648	3332.48	199.37	-2.73	2.03	62.62
1649	3332.48	199.93	-3.30	1.97	62.63
1650	3332.48	200.10	-3.43	1.87	62.63
1651	3332.48	199.07	-2.90	1.47	62.64
1652	3332.48	199.20	-2.10	1.53	62.63
1653	3332.48	198.43	-1.70	1.50	62.62
1654	3332.48	199.27	-2.17	1.20	62.62
1655	3332.48	198.87	-3.73	1.17	62.64
1656	3332.48	199.77	-3.70	1.17	62.64
1657	3332.48	199.67	-3.33	1.43	62.61
1658	3332.48	199.70	-1.93	1.37	62.60
1659	3332.48	199.03	-2.10	1.40	62.61
1660	3332.48	198.77	-2.57	1.33	62.62
1661	3332.48	199.03	-2.77	1.43	62.62
1662	3332.48	199.47	-2.73	1.53	62.60
1663	3332.48	199.43	-2.50	1.60	62.60
1664	3332.48	199.33	-2.53	1.57	62.61
1665	3332.48	199.30	-2.67	1.53	62.62
1666	3332.48	199.77	-2.17	1.40	62.62
1667	3332.48	199.10	-1.87	1.43	62.61
1668	3332.48	200.03	-1.43	1.10	62.62
1669	3332.48	200.10	-1.93	1.20	62.63
1670	3332.48	200.40	-0.30	1.27	62.63
1671	3332.48	198.93	-0.37	1.57	62.61
1672	3332.48	199.30	-0.23	1.60	62.60
1673	3332.48	198.33	-2.33	1.37	62.61
1674	3332.48	198.77	-2.67	1.33	62.61
1675	3332.48	197.03	-2.57	1.20	62.64
1676	3332.48	197.67	-2.20	1.27	62.64
1677	3332.48	197.60	-1.70	1.07	62.64
1678	3332.48	198.53	-2.27	1.20	62.66
1679	3332.48	198.60	-2.33	1.20	62.66
1680	3332.48	199.07	-5.50	1.43	62.65
1681	3332.48	199.93	-5.07	1.53	62.61
1682	3332.48	200.67	-4.93	1.47	62.61
1683	3332.48	200.60	-3.27	1.43	62.61
1684	3332.48	199.77	-3.33	1.27	62.62
1685	3332.48	199.60	-3.80	1.53	62.61
1686	3332.48	199.17	-1.60	1.60	62.60
1687	3332.48	198.77	-1.30	1.63	62.60
1688	3332.48	198.77	-0.93	1.40	62.61
1689	3332.48	198.97	-1.97	1.33	62.62
1690	3332.48	199.17	-2.07	1.27	62.62
1691	3332.48	198.97	-2.10	1.40	62.59
1692	3332.48	198.60	-2.47	1.40	62.58
1693	3332.48	199.10	-2.47	1.33	62.58
1694	3332.48	199.00	-2.83	1.20	62.61
1695	3332.48	198.90	-2.40	1.10	62.62
1696	3332.48	198.53	-2.23	1.20	62.62
1697	3332.48	199.73	-1.70	1.30	62.61
1698	3332.48	200.03	-1.63	1.33	62.63
1699	3332.48	200.57	-1.97	1.30	62.63
1700	3332.48	199.47	-2.17	1.23	62.61
1701	3332.48	199.80	-3.03	1.37	62.60
1702	3332.48	199.70	-3.10	1.47	62.57
1703	3332.48	199.77	-3.10	1.47	62.59
1704	3332.48	199.53	-1.47	1.37	62.59
1705	3332.48	199.90	-1.67	1.27	62.62
1706	3332.48	199.90	-1.60	1.30	62.63
1707	3332.48	200.20	-2.47	1.37	62.62
1708	3332.48	199.13	-2.07	1.47	62.60
1709	3332.48	199.37	-3.53	1.47	62.60
1710	3332.48	199.57	-3.70	1.37	62.60
1711	3332.48	200.20	-4.10	1.33	62.60
1712	3332.48	199.37	-2.70	1.40	62.65
1713	3332.48	198.93	-2.53	1.47	62.65
1714	3332.48	198.97	-2.63	1.53	62.65
1715	3332.48	199.70	-2.80	1.40	62.64
1716	3332.48	200.43	-3.07	1.43	62.65
1717	3332.48	200.40	-2.80	1.27	62.66
1718	3332.48	200.00	-3.43	1.30	62.61
1719	3332.48	199.00	-3.03	1.30	62.60
1720	3332.48	198.93	-2.63	1.40	62.58
1721	3332.48	198.97	-2.03	1.33	62.59
1722	3332.48	199.27	-2.37	1.20	62.60
1723	3332.48	199.73	-2.60	1.10	62.62
1724	3332.48	199.73	-2.23	1.20	62.63
1725	3332.48	200.50	-1.90	1.27	62.62
1726	3332.48	199.40	-1.67	1.33	62.61
1727	3332.48	199.23	-1.97	1.27	62.61
1728	3332.48	198.37	-2.43	1.67	62.62
1729	3332.48	198.93	-2.80	1.73	62.61
1730	3332.48	199.23	-2.30	1.83	62.60
1731	3332.48	199.33	-2.17	1.50	62.59
1732	3332.48	199.57	-2.33	1.47	62.60
1733	3332.48	199.57	-3.00	1.40	62.62
1734	3332.48	199.13	-2.73	1.30	62.62
1735	3332.48	198.20	-2.30	1.33	62.61
1736	3332.48	198.03	-1.80	1.40	62.59
1737	3332.48	199.30	-2.03	1.47	62.59
1738	3332.48	199.97	-2.37	1.37	62.60
1739	3332.48	200.33	-3.97	1.30	62.61
1740	3332.48	199.60	-4.23	1.30	62.62
1741	3332.48	199.83	-4.10	1.40	62.61
1742	3332.48	199.90	-2.40	1.43	62.60
1743	3332.48	199.90	-1.90	1.53	62.59
1744	3332.48	199.87	-2.27	1.40	62.60
1745	3332.48	199.30	-2.73	1.30	62.59
1746	3332.48	198.70	-2.67	1.13	62.60
1747	3332.48	198.80	-2.10	1.17	62.60
1748	3332.48	198.87	-1.13	1.20	62.60
1749	3332.48	198.90	-0.90	1.10	62.60
1750	3332.48	199.33	-1.80	1.20	62.61
1751	3332.48	199.37	-2.83	1.07	62.62
1752	3332.48	199.17	-3.67	1.00	62.62
1753	3332.48	199.17	-3.03	0.90	62.61
1754	3332.48	199.47	-3.53	0.97	62.60
1755	3332.48	200.10	-2.87	1.17	62.59
1756	3332.48	199.03	-3.13	1.13	62.60
1757	3332.48	199.07	-2.87	1.10	62.61
1758	3332.48	198.90	-3.37	1.00	62.63
1759	3332.48	199.33	-3.10	0.97	62.62
1760	3332.48	198.83	-2.53	1.07	62.61
1761	3332.48	198.67	-2.03	1.03	62.59
1762	3332.48	198.83	-2.17	1.00	62.59
1763	3332.48	199.67	-2.43	0.90	62.60
1764	3332.48	200.13	-2.47	0.93	62.61
1765	3332.48	200.57	-2.37	0.97	62.62
1766	3332.48	199.80	-2.23	0.60	62.63
1767	3332.48	200.97	-1.67	0.87	62.62
1768	3332.48	200.13	-1.53	0.90	62.61
1769	3332.48	200.57	-0.77	1.33	62.60
1770	3332.48	198.57	-2.23	1.07	62.60
1771	3332.48	198.97	-2.43	0.97	62.62
1772	3332.48	198.47	-3.40	1.03	62.62
1773	3332.48	199.03	-2.80	1.03	62.62
1774	3332.48	198.47	-2.43	1.20	62.61
1775	3332.48	198.93	-2.10	1.13	62.61
1776	3332.48	198.93	-1.67	1.10	62.60
1777	3332.48	200.13	-2.13	1.07	62.60
1778	3332.48	200.63	-2.40	1.07	62.61
1779	3332.48	201.43	-2.87	1.10	62.61
1780	3332.48	200.73	-4.50	1.20	62.61
1781	3332.48	200.07	-3.57	1.17	62.60
1782	3332.48	198.97	-3.13	1.50	62.59
1783	3332.48	199.07	-1.57	1.40	62.60
1784	3332.48	198.57	-1.60	1.33	62.61
1785	3332.48	199.27	-2.00	0.97	62.62
1786	3332.48	200.00	-1.57	0.97	62.59
1787	3332.48	200.97	-2.33	1.13	62.58
1788	3332.48	202.13	-2.27	0.97	62.57
1789	3332.48	201.10	-2.57	0.87	62.61
1790	3332.48	201.83	-2.67	0.93	62.62
1791	3332.48	199.73	-2.33	1.13	62.62
1792	3332.48	199.90	-2.60	1.20	62.61
1793	3332.48	198.83	-2.97	1.03	62.60
1794	3332.48	199.63	-3.43	1.07	62.59
1795	3332.48	199.37	-3.10	0.97	62.64
1796	3332.48	199.63	-2.60	1.07	62.65
1797	3332.48	199.03	-2.13	1.13	62.65
1798	3332.48	199.30	-1.93	1.27	62.60
1799	3332.48	198.77	-1.50	1.27	62.60
1800	3332.48	199.93	-1.97	1.27	62.60
1801	3332.48	200.47	-2.40	1.40	62.61
1802	3332.48	201.30	-3.13	1.50	62.61
1803	3332.48	200.00	-2.80	1.37	62.61
1804	3332.48	199.50	-2.37	1.27	62.61
1805	3332.48	199.37	-2.10	1.20	62.61
1806	3332.48	200.03	-1.27	1.27	62.60
1807	3332.48	200.93	-1.37	1.37	62.61
1808	3332.48	200.43	-1.70	1.40	62.61
1809	3332.48	199.17	-2.50	1.27	62.61
1810	3332.48	199.10	-2.40	1.27	62.60
1811	3332.48	198.67	-1.93	1.13	62.60
1812	3332.48	200.40	-2.20	1.40	62.56
1813	3332.48	199.60	-2.37	1.27	62.57
1814	3332.48	200.00	-2.30	1.17	62.57
1815	3332.48	199.73	-3.43	1.10	62.61
1816	3332.48	200.50	-3.80	1.17	62.60
1817	3332.48	200.57	-3.73	1.17	62.60
1818	3332.48	200.10	-2.43	1.07	62.59
1819	3332.48	199.27	-2.03	1.03	62.59
1820	3332.48	199.73	-2.23	1.03	62.59
1821	3332.48	200.27	-2.47	1.33	62.57
1822	3332.48	200.13	-2.20	1.30	62.58
1823	3332.48	199.27	-2.00	1.40	62.57
1824	3332.48	199.40	-1.70	1.10	62.59
1825	3332.48	199.50	-1.77	0.87	62.61
1826	3332.48	199.53	-2.33	0.77	62.63
1827	3332.48	198.93	-1.87	0.73	62.64
1828	3332.48	198.93	-1.80	0.90	62.61
1829	3332.48	198.60	-1.40	1.03	62.59
1830	3332.48	198.23	-2.00	1.07	62.59
1831	3332.48	198.33	-2.33	1.07	62.60
1832	3332.48	199.10	-3.73	1.00	62.61
1833	3332.48	198.83	-3.47	0.67	62.58
1834	3332.48	198.73	-3.43	0.63	62.58
1835	3332.48	198.67	-1.80	0.67	62.58
1836	3332.48	198.70	-2.27	1.00	62.61
1837	3332.48	198.87	-2.30	0.97	62.62
1838	3332.48	199.03	-4.20	0.90	62.62
1839	3332.48	199.60	-4.07	0.97	62.62
1840	3332.48	199.27	-3.80	1.03	62.61
1841	3332.48	199.67	-2.17	1.10	62.60
1842	3332.48	200.47	-2.40	1.07	62.59
1843	3332.48	200.50	-2.53	1.03	62.60
1844	3332.48	200.10	-3.17	1.00	62.62
1845	3332.48	199.73	-2.87	1.07	62.62
1846	3332.48	199.83	-2.73	1.17	62.61
1847	3332.48	199.43	-2.77	1.27	62.59
1848	3332.48	200.57	-2.87	1.20	62.59
1849	3332.48	200.47	-3.40	1.13	62.60
1850	3332.48	200.13	-2.83	0.93	62.62
1851	3332.48	198.80	-2.83	0.97	62.62
1852	3332.48	198.87	-2.23	0.97	62.61
1853	3332.48	199.07	-2.07	1.33	62.59
1854	3332.48	198.83	-2.00	1.23	62.61
1855	3332.48	198.77	-2.20	1.20	62.62
1856	3332.48	198.90	-2.53	0.93	62.63
1857	3332.48	198.63	-2.43	1.03	62.61
1858	3332.48	199.17	-2.47	1.13	62.60
1859	3332.48	198.83	-2.20	1.17	62.59
1860	3332.48	200.10	-2.37	1.07	62.57
1861	3332.48	199.80	-2.60	1.00	62.58
1862	3332.48	199.90	-2.73	0.97	62.58
1863	3332.48	199.13	-2.20	0.93	62.61
1864	3332.48	199.07	-1.93	1.00	62.61
1865	3332.48	199.43	-2.50	1.00	62.61
1866	3332.48	199.33	-4.37	1.07	62.61
1867	3332.48	199.40	-4.83	1.03	62.61
1868	3332.48	199.77	-4.13	0.93	62.63
1869	3332.48	199.57	-2.30	0.80	62.63
1870	3332.48	199.60	-1.60	0.83	62.62
1871	3332.48	198.90	-1.37	0.90	62.62
1872	3332.48	199.07	-1.30	1.07	62.62
1873	3332.48	199.13	-1.57	1.03	62.63
1874	3332.48	199.27	0.47	1.07	62.62
1875	3332.48	198.80	0.13	1.17	62.61
1876	3332.48	198.13	0.47	1.37	62.60
1877	3332.48	198.67	-1.80	1.37	62.60
1878	3332.48	199.40	-2.33	1.17	62.60
1879	3332.48	199.20	-2.73	0.93	62.62
1880	3332.48	198.10	-2.43	1.00	62.60
1881	3332.48	197.93	-1.73	1.27	62.61
1882	3332.48	198.27	-1.60	1.23	62.59
1883	3332.48	199.60	-2.20	1.27	62.61
1884	3332.48	199.33	-2.83	1.10	62.61
1885	3332.48	199.87	-2.40	1.17	62.61
1886	3332.48	199.67	-2.03	1.07	62.61
1887	3332.48	199.90	-1.67	1.17	62.60
1888	3332.48	199.70	-1.67	1.23	62.60
1889	3332.48	200.03	-1.40	1.43	62.59
1890	3332.48	199.80	-2.30	1.40	62.61
1891	3332.48	199.87	-2.63	1.27	62.61
1892	3332.48	199.03	-2.73	1.10	62.61
1893	3332.48	199.73	-3.97	1.13	62.60
1894	3332.48	200.30	-5.40	1.27	62.59
1895	3332.48	200.87	-6.03	1.30	62.60
1896	3332.48	201.03	-4.17	1.60	62.60
1897	3332.48	200.07	-3.13	1.63	62.60
1898	3332.48	200.23	-2.57	1.70	62.60
1899	3332.48	199.40	-1.97	1.53	62.60
1900	3332.48	199.03	-1.80	1.40	62.61
1901	3332.48	198.73	-2.57	1.30	62.61
1902	3332.48	197.97	-3.20	0.93	62.62
1903	3332.48	198.73	-3.00	0.97	62.60
1904	3332.48	197.80	-2.77	0.77	62.60
1905	3332.48	199.73	-2.77	0.90	62.60
1906	3332.48	200.30	-3.00	1.03	62.61
1907	3332.48	202.10	-2.73	1.20	62.62
1908	3332.48	201.07	-2.17	1.30	62.61
1909	3332.48	200.83	-3.73	1.20	62.60
1910	3332.48	199.60	-3.70	1.17	62.60
1911	3332.48	199.80	-4.40	1.00	62.62
1912	3332.48	199.40	-2.73	1.00	62.63
1913	3332.48	199.07	-2.67	1.10	62.61
1914	3332.48	198.33	-1.93	1.10	62.60
1915	3332.48	198.20	-1.70	1.07	62.60
1916	3332.48	198.73	-1.90	0.97	62.62
1917	3332.48	199.23	-2.57	1.03	62.62
1918	3332.48	199.43	-2.53	1.03	62.61
1919	3332.48	199.33	-2.13	1.13	62.60
1920	3332.48	199.87	-1.80	1.13	62.59
1921	3332.48	200.67	-1.13	1.10	62.60
1922	3332.48	200.80	-1.73	1.03	62.61
1923	3332.48	200.87	-1.73	1.10	62.62
1924	3332.48	200.03	-2.57	1.20	62.60
1925	3332.48	200.03	-3.00	1.30	62.60
1926	3332.48	199.03	-3.10	1.00	62.60
1927	3332.48	198.97	-3.20	0.87	62.62
1928	3332.48	198.60	-2.50	0.73	62.63
1929	3332.48	199.60	-2.13	0.93	62.62
1930	3332.48	199.40	-1.77	1.00	62.61
1931	3332.48	200.17	-2.30	1.03	62.60
1932	3332.48	199.67	-2.70	1.03	62.60
1933	3332.48	199.90	-3.07	0.97	62.62
1934	3332.48	199.60	-2.70	0.97	62.60
1935	3332.48	199.87	-2.37	0.97	62.60
1936	3332.48	199.77	-2.53	1.03	62.58
1937	3332.48	200.10	-4.13	0.93	62.61
1938	3332.48	199.93	-4.47	0.93	62.62
1939	3332.48	199.67	-4.37	0.90	62.62
1940	3332.48	199.63	-2.33	1.00	62.61
1941	3332.48	199.47	-1.63	1.00	62.59
1942	3332.48	199.83	-1.37	0.90	62.60
1943	3332.48	199.13	-3.47	0.80	62.61
1944	3332.48	198.57	-5.13	0.77	62.61
1945	3332.48	198.40	-5.93	0.83	62.61
1946	3332.48	198.13	-3.37	0.90	62.60
1947	3332.48	198.93	-2.13	0.87	62.60
1948	3332.48	199.50	-1.87	0.83	62.61
1949	3332.48	199.80	-2.40	0.77	62.61
1950	3332.48	199.83	-3.70	0.80	62.60
1951	3332.48	199.00	-3.80	0.73	62.60
1952	3332.48	198.67	-3.93	0.80	62.61
1953	3332.48	198.73	-2.83	0.70	62.61
1954	3332.48	199.40	-2.97	0.80	62.60
1955	3332.48	200.13	-2.83	0.77	62.59
1956	3332.48	199.73	-3.03	0.83	62.59
1957	3332.48	199.33	-2.23	0.57	62.61
1958	3332.48	199.43	-3.77	0.47	62.63
1959	3332.48	200.07	-3.40	0.43	62.63
1960	3332.48	200.50	-3.50	0.60	62.60
1961	3332.48	199.83	-2.07	0.63	62.57
1962	3332.48	199.27	-1.97	0.57	62.56
1963	3332.48	198.87	-2.30	0.47	62.59
1964	3332.48	199.47	-2.40	0.40	62.61
1965	3332.48	199.57	-2.97	0.40	62.61
1966	3332.48	199.13	-2.33	0.43	62.60
1967	3332.48	198.30	-2.30	0.43	62.60
1968	3332.48	198.43	-1.33	0.33	62.61
1969	3332.48	199.07	-2.00	0.37	62.61
1970	3332.48	200.40	-2.23	0.40	62.61
1971	3332.48	199.77	-2.60	0.43	62.58
1972	3332.48	199.40	-2.03	0.43	62.58
1973	3332.48	198.67	-2.00	0.40	62.59
1974	3332.48	199.10	-3.73	0.40	62.60
1975	3332.48	200.63	-3.93	0.33	62.60
1976	3332.48	201.27	-3.77	0.40	62.60
1977	3332.48	200.83	-0.70	0.47	62.60
1978	3332.48	199.80	-0.63	0.50	62.61
1979	3332.48	197.93	-0.40	0.33	62.62
1980	3332.48	198.03	-0.83	0.27	62.63
1981	3332.48	197.80	-1.30	0.17	62.63
1982	3332.48	199.20	-1.60	0.27	62.62
1983	3332.48	199.57	-2.47	0.40	62.61
1984	3332.48	199.47	-1.83	0.57	62.60
1985	3332.48	200.10	-1.87	0.60	62.60
1986	3332.48	200.47	-2.03	0.43	62.61
1987	3332.48	201.73	-2.53	0.27	62.62
1988	3332.48	200.67	-2.33	0.37	62.61
1989	3332.48	200.30	-1.90	0.57	62.60
1990	3332.48	199.57	-1.53	0.77	62.58
1991	3332.48	199.13	-2.77	0.53	62.58
1992	3332.48	198.90	-3.80	0.43	62.59
1993	3332.48	198.17	-3.77	0.53	62.61
1994	3332.48	198.77	-2.53	0.87	62.61
1995	3332.48	199.40	-1.97	1.07	62.60
1996	3332.48	200.27	-2.10	0.93	62.60
1997	3332.48	200.13	-2.30	0.73	62.61
1998	3332.48	200.60	-2.37	0.73	62.62
1999	3332.48	199.67	-2.27	0.83	62.61
2000	3332.48	199.07	-1.83	0.87	62.60
2001	3332.48	197.80	-2.47	0.80	62.58
2002	3332.48	198.13	-2.70	0.87	62.58
2003	3332.48	198.17	-2.23	0.83	62.60
2004	3332.48	198.50	-1.93	0.77	62.61
2005	3332.48	198.03	-2.37	0.57	62.62
2006	3332.48	199.20	-2.97	0.67	62.60
2007	3332.48	199.23	-2.63	0.77	62.59
2008	3332.48	200.00	-1.87	0.80	62.59
2009	3332.48	199.50	-2.80	0.77	62.61
2010	3332.48	199.53	-2.80	0.67	62.62
2011	3332.48	199.93	-2.97	0.73	62.62
2012	3332.48	199.37	-1.90	0.73	62.60
2013	3332.48	199.60	-1.50	0.77	62.60
2014	3332.48	199.43	-1.63	0.77	62.59
2015	3332.48	200.63	-2.13	0.83	62.60
2016	3332.48	200.67	-2.40	0.77	62.61
2017	3332.48	200.87	-2.47	0.80	62.62
2018	3332.48	200.67	-1.77	0.83	62.61
2019	3332.48	199.97	-1.57	0.83	62.59
2020	3332.48	199.50	-1.70	0.73	62.58
2021	3332.48	199.77	-3.33	0.63	62.58
2022	3332.48	200.60	-3.97	0.77	62.60
2023	3332.48	200.10	-3.67	0.73	62.61
2024	3332.48	199.23	-2.10	0.73	62.62
2025	3332.48	199.37	-1.87	0.70	62.60
2026	3332.48	199.93	-1.73	0.80	62.58
2027	3332.48	199.37	-1.80	0.73	62.58
2028	3332.48	199.00	-2.00	0.43	62.60
2029	3332.48	198.90	-2.27	0.30	62.62
2030	3332.48	199.77	-2.67	0.23	62.59
2031	3332.48	199.83	-0.90	0.50	62.58
2032	3332.48	199.47	-0.60	0.67	62.57
2033	3332.48	199.83	-0.20	0.90	62.59
2034	3332.48	200.30	-3.33	0.87	62.59
2035	3332.48	200.57	-3.80	0.83	62.60
2036	3332.48	200.27	-4.07	0.67	62.61
2037	3332.48	198.67	-2.27	0.67	62.62
2038	3332.48	198.00	-1.37	0.60	62.61
2039	3332.48	197.50	-1.63	0.67	62.61
2040	3332.48	198.53	-2.00	0.70	62.58
2041	3332.48	198.17	-2.70	0.73	62.59
2042	3332.48	198.73	-2.43	0.57	62.60
2043	3332.48	198.83	-2.63	0.57	62.62
2044	3332.48	200.07	-2.43	0.63	62.60
2045	3332.48	199.87	-2.07	0.83	62.59
2046	3332.48	199.67	-1.60	0.90	62.56
2047	3332.48	198.93	-1.93	0.83	62.57
2048	3332.48	198.20	-2.57	0.80	62.57
2049	3332.48	198.90	-2.60	0.73	62.61
2050	3332.48	200.00	-3.57	0.73	62.61
2051	3332.48	201.23	-3.37	0.77	62.61
2052	3332.48	199.87	-3.97	0.80	62.60
2053	3332.48	198.53	-2.67	0.77	62.57
2054	3332.48	198.57	-2.57	0.80	62.57
2055	3332.48	200.07	-2.47	0.80	62.57
2056	3332.48	200.73	-2.77	0.77	62.60
2057	3332.48	200.17	-3.43	0.70	62.62
2058	3332.48	199.57	-4.47	0.67	62.62
2059	3332.48	199.13	-3.40	0.73	62.60
2060	3332.48	198.80	-2.57	0.77	62.59
2061	3332.48	198.27	-0.93	0.73	62.59
2062	3332.48	197.70	-1.70	0.60	62.60
2063	3332.48	199.03	-2.17	0.53	62.60
2064	3332.48	199.00	-2.30	0.47	62.62
2065	3332.48	199.50	-2.90	0.53	62.61
2066	3332.48	197.80	-2.60	0.50	62.62
2067	3332.48	197.07	-1.87	0.53	62.60
2068	3332.48	197.70	-0.57	0.50	62.60
2069	3332.48	198.43	-0.60	0.30	62.62
2070	3332.48	200.07	-1.40	0.20	62.63
2071	3332.48	200.10	-3.50	0.20	62.64
2072	3332.48	200.33	-3.57	0.40	62.61
2073	3332.48	199.83	-3.57	0.37	62.60
2074	3332.48	199.23	-1.90	0.33	62.60
2075	3332.48	198.50	-1.60	0.57	62.59
2076	3332.48	198.67	-0.10	0.70	62.59
2077	3332.48	198.77	0.47	0.70	62.60
2078	3332.48	199.27	-0.17	0.47	62.62
2079	3332.48	199.23	-1.80	0.47	62.64
2080	3332.48	200.67	-3.00	0.63	62.63
2081	3332.48	201.03	-2.70	0.77	62.61
2082	3332.48	200.83	-1.87	0.83	62.59
2083	3332.48	199.70	-0.83	0.80	62.59
2084	3332.48	197.83	-0.80	0.70	62.59
2085	3332.48	198.97	-1.57	0.63	62.60
2086	3332.48	199.17	-2.97	0.60	62.61
2087	3332.48	200.57	-4.50	0.63	62.61
2088	3332.48	198.80	-4.53	0.27	62.61
2089	3332.48	198.80	-2.97	0.30	62.61
2090	3332.48	198.13	-1.37	0.30	62.60
2091	3332.48	198.50	-1.20	0.70	62.59
2092	3332.48	198.33	-2.33	0.67	62.59
2093	3332.48	198.80	-2.93	0.57	62.60
2094	3332.48	198.87	-2.80	0.40	62.60
2095	3332.48	198.93	-2.53	0.33	62.61
2096	3332.48	199.27	-1.23	0.30	62.62
2097	3332.48	199.97	-1.30	0.40	62.62
2098	3332.48	199.83	-0.97	0.43	62.62
2099	3332.48	199.60	-1.50	0.50	62.61
2100	3332.48	199.00	-1.33	0.50	62.61
2101	3332.48	199.43	-2.13	0.53	62.59
2102	3332.48	198.90	-2.30	0.27	62.60
2103	3332.48	198.97	-2.87	0.07	62.60
2104	3332.48	198.17	-2.63	-0.13	62.61
2105	3332.48	198.83	-2.07	-0.13	62.61
2106	3332.48	198.63	-1.73	0.10	62.61
2107	3332.48	198.97	-1.63	0.33	62.61
2108	3332.48	198.57	-2.20	0.43	62.60
2109	3332.48	197.60	-2.60	0.37	62.60
2110	3332.48	197.57	-2.90	0.20	62.60
2111	3332.48	198.17	-3.17	0.37	62.62
2112	3332.48	199.43	-3.67	0.43	62.62
2113	3332.48	199.73	-3.50	0.47	62.62
2114	3332.48	199.37	-3.17	0.47	62.61
2115	3332.48	199.17	-1.90	0.23	62.62
2116	3332.48	198.10	-1.73	0.27	62.59
2117	3332.48	198.77	-2.73	0.10	62.60
2118	3332.48	199.00	-3.20	0.27	62.60
2119	3332.48	199.30	-3.53	0.17	62.64
2120	3332.48	198.37	-2.73	0.30	62.63
2121	3332.48	198.87	-2.67	0.23	62.62
2122	3332.48	199.23	-1.83	0.30	62.60
2123	3332.48	199.37	-1.40	0.23	62.59
2124	3332.48	198.80	-1.10	0.13	62.56
2125	3332.48	198.60	-1.40	0.10	62.57
2126	3332.48	198.93	-2.13	0.20	62.58
2127	3332.48	199.40	-2.50	0.50	62.60
2128	3332.48	199.97	-2.93	0.53	62.60
2129	3332.48	200.00	-2.40	0.47	62.58
2130	3332.48	199.03	-2.20	0.33	62.59
2131	3332.48	198.93	-1.80	0.30	62.59
2132	3332.48	199.63	-1.77	0.37	62.57
2133	3332.48	200.10	-0.30	0.27	62.58
2134	3332.48	199.83	-0.50	0.23	62.59
2135	3332.48	199.00	-0.77	0.13	62.62
2136	3332.48	199.13	-2.53	0.17	62.62
2137	3332.48	199.67	-2.67	0.33	62.61
2138	3332.48	200.17	-2.93	0.37	62.61
2139	3332.48	199.60	-2.53	0.40	62.61
2140	3332.48	199.50	-1.90	0.30	62.61
2141	3332.48	198.80	-1.47	0.27	62.60
2142	3332.48	198.47	-0.53	0.20	62.60
2143	3332.48	198.53	-1.33	0.17	62.61
2144	3332.48	198.90	-1.00	0.13	62.61
2145	3332.48	200.17	-2.37	0.17	62.62
2146	3332.48	199.80	-2.43	0.17	62.62
2147	3332.48	199.20	-3.67	0.20	62.62
2148	3332.48	198.37	-2.73	0.27	62.61
2149	3332.48	198.43	-2.50	0.33	62.60
2150	3332.48	198.97	-1.40	0.40	62.59
2151	3332.48	199.60	-2.93	0.30	62.60
2152	3332.48	200.43	-3.50	0.23	62.61
2153	3332.48	200.73	-3.97	0.20	62.61
2154	3332.48	200.57	-3.43	0.27	62.60
2155	3332.48	199.87	-2.57	0.37	62.59
2156	3332.48	200.00	-2.23	0.47	62.59
2157	3332.48	200.90	-2.00	0.60	62.59
2158	3332.48	201.83	-2.50	0.50	62.61
2159	3332.48	201.20	-2.90	0.17	62.61
2160	3332.48	200.10	-2.93	-0.03	62.61
2161	3332.48	198.80	-2.47	0.00	62.60
2162	3332.48	199.73	-2.03	0.33	62.62
2163	3332.48	199.43	-1.80	0.50	62.61
2164	3332.48	199.50	-1.57	0.53	62.61
2165	3332.48	198.50	-1.83	0.43	62.59
2166	3332.48	198.67	-1.70	0.27	62.60
2167	3332.48	198.50	-2.33	0.23	62.58
2168	3332.48	199.10	-2.37	0.23	62.58
2169	3332.48	199.40	-2.57	0.30	62.59
2170	3332.48	199.03	-2.40	0.33	62.61
2171	3332.48	198.90	-2.03	0.20	62.60
2172	3332.48	199.03	-1.83	0.30	62.59
2173	3332.48	200.17	-1.90	0.30	62.59
2174	3332.48	200.23	-2.43	0.27	62.59
2175	3332.48	199.80	-2.97	0.17	62.60
2176	3332.48	199.63	-2.80	0.07	62.61
2177	3332.48	198.87	-2.33	0.23	62.61
2178	3332.48	200.00	-1.93	0.30	62.60
2179	3332.48	199.73	-1.90	0.43	62.59
2180	3332.48	199.77	-1.90	0.43	62.59
2181	3332.48	199.10	-3.20	0.43	62.58
2182	3332.48	199.70	-3.40	0.43	62.59
2183	3332.48	199.70	-3.40	0.43	62.60
2184	3332.48	199.57	-2.57	0.33	62.61
2185	3332.48	199.37	-1.93	0.30	62.61
2186	3332.48	199.63	-2.20	0.23	62.62
2187	3332.48	199.13	-2.83	0.30	62.62
2188	3332.48	198.23	-3.00	0.27	62.61
2189	3332.48	198.43	-2.73	0.40	62.61
2190	3332.48	198.83	-1.93	0.60	62.57
2191	3332.48	199.50	-2.10	0.60	62.57
2192	3332.48	200.27	-2.63	0.57	62.58
2193	3332.48	199.83	-2.47	0.27	62.61
2194	3332.48	200.13	-2.93	0.27	62.62
2195	3332.48	200.13	-2.60	0.27	62.61
2196	3332.48	200.33	-2.50	0.40	62.60
2197	3332.48	200.13	-2.20	0.40	62.59
2198	3332.48	198.93	-2.03	0.37	62.59
2199	3332.48	198.77	-2.03	0.23	62.59
2200	3332.48	198.50	-2.13	0.20	62.61
2201	3332.48	199.37	-2.27	0.10	62.60
2202	3332.48	200.27	-2.40	0.10	62.60
2203	3332.48	199.60	-1.97	0.20	62.58
2204	3332.48	199.17	-1.87	0.37	62.59
2205	3332.48	198.47	-1.67	0.43	62.58
2206	3332.48	199.57	-2.07	0.30	62.60
2207	3332.48	199.27	-2.27	0.13	62.61
2208	3332.48	199.30	-2.43	0.07	62.62
2209	3332.48	199.07	-2.30	0.10	62.62
2210	3332.48	199.97	-2.37	0.27	62.61
2211	3332.48	200.17	-2.07	0.23	62.58
2212	3332.48	200.07	-1.90	0.27	62.57
2213	3332.48	199.43	-2.17	0.30	62.57
2214	3332.48	200.27	-2.73	0.43	62.60
2215	3332.48	200.13	-3.33	0.27	62.61
2216	3332.48	200.47	-3.50	0.17	62.62
2217	3332.48	199.03	-2.63	0.13	62.59
2218	3332.48	199.50	-1.87	0.33	62.57
2219	3332.48	199.50	-1.17	0.43	62.57
2220	3332.48	199.93	-2.00	0.53	62.60
2221	3332.48	199.20	-1.60	0.40	62.60
2222	3332.48	199.93	-2.00	0.33	62.61
2223	3332.48	200.17	-1.83	0.33	62.61
2224	3332.48	201.43	-2.73	0.60	62.60
2225	3332.48	200.63	-3.30	0.63	62.60
2226	3332.48	201.00	-3.03	0.63	62.58
2227	3332.48	199.87	-2.47	0.47	62.59
2228	3332.48	200.27	-2.10	0.30	62.60
2229	3332.48	200.07	-3.07	0.20	62.62
2230	3332.48	200.53	-4.60	0.20	62.62
2231	3332.48	201.33	-4.23	0.53	62.61
2232	3332.48	200.70	-2.97	0.60	62.60
2233	3332.48	200.03	-1.67	0.67	62.59
2234	3332.48	198.33	-1.50	0.13	62.59
2235	3332.48	198.47	-2.00	0.20	62.57
2236	3332.48	198.97	-2.77	0.13	62.58
2237	3332.48	199.33	-2.80	0.47	62.59
2238	3332.48	200.77	-3.03	0.43	62.61
2239	3332.48	201.20	-2.43	0.50	62.60
2240	3332.48	201.07	-2.53	0.53	62.59
2241	3332.48	200.00	-2.50	0.50	62.59
2242	3332.48	199.37	-4.37	0.43	62.60
2243	3332.48	199.63	-4.63	0.37	62.61
2244	3332.48	198.97	-4.30	0.30	62.61
2245	3332.48	199.90	-2.17	0.43	62.61
2246	3332.48	199.30	-1.43	0.53	62.61
2247	3332.48	199.70	-1.30	0.57	62.60
2248	3332.48	199.30	-1.40	0.43	62.60
2249	3332.48	199.93	-1.50	0.43	62.60
2250	3332.48	199.93	-2.23	0.37	62.61
2251	3332.48	199.63	-1.87	0.57	62.61
2252	3332.48	200.03	-3.27	0.57	62.61
2253	3332.48	199.67	-4.43	0.73	62.60
2254	3332.48	200.10	-4.83	0.77	62.60
2255	3332.48	199.90	-3.67	0.80	62.63
2256	3332.48	200.43	-2.33	0.70	62.63
2257	3332.48	200.23	-2.73	0.50	62.64
2258	3332.48	199.60	-2.83	0.40	62.62
2259	3332.48	199.83	-2.33	0.57	62.61
2260	3332.48	199.83	-1.77	0.60	62.60
2261	3332.48	200.57	-2.13	0.67	62.59
2262	3332.48	199.43	-1.90	0.43	62.60
2263	3332.48	199.27	-2.43	0.30	62.63
2264	3332.48	199.20	-1.97	0.17	62.63
2265	3332.48	200.50	-2.23	0.23	62.63
2266	3332.48	200.27	-3.00	0.37	62.60
2267	3332.48	199.77	-2.67	0.43	62.60
2268	3332.48	199.33	-2.70	0.40	62.59
2269	3332.48	199.50	-1.43	0.30	62.60
2270	3332.48	199.40	-2.13	0.20	62.60
2271	3332.48	199.20	-2.50	0.20	62.61
2272	3332.48	199.00	-1.10	0.20	62.61
2273	3332.48	199.63	-0.73	0.20	62.62
2274	3332.48	199.93	-0.93	0.23	62.60
2275	3332.48	200.23	-2.53	0.20	62.61
2276	3332.48	199.80	-2.10	0.23	62.60
2277	3332.48	199.60	-1.83	0.10	62.62
2278	3332.48	199.50	-2.37	0.13	62.62
2279	3332.48	199.57	-3.33	0.10	62.62
2280	3332.48	199.47	-2.90	0.10	62.62
2281	3332.48	197.77	-2.30	0.10	62.61
2282	3332.48	198.23	-1.63	0.23	62.60
2283	3332.48	198.53	-1.90	0.37	62.59
2284	3332.48	199.90	-2.40	0.33	62.59
2285	3332.48	199.63	-3.23	0.20	62.59
2286	3332.48	199.50	-3.57	0.07	62.61
2287	3332.48	199.47	-3.23	0.07	62.62
2288	3332.48	198.13	-2.63	0.03	62.62
2289	3332.48	197.57	-0.80	0.23	62.60
2290	3332.48	198.17	-0.70	0.40	62.62
2291	3332.48	200.03	-0.67	0.53	62.62
2292	3332.48	201.33	-2.23	0.40	62.62
2293	3332.48	201.27	-2.60	0.23	62.61
2294	3332.48	199.80	-2.77	0.20	62.61
2295	3332.48	198.67	-2.03	0.13	62.61
2296	3332.48	198.13	-1.73	0.23	62.59
2297	3332.48	198.30	-0.17	0.27	62.59
2298	3332.48	198.60	-0.97	0.37	62.59
2299	3332.48	199.07	-0.70	0.27	62.61
2300	3332.48	198.70	-2.27	0.13	62.62
2301	3332.48	198.93	-2.50	0.07	62.62
2302	3332.48	198.47	-2.53	0.03	62.61
2303	3332.48	199.47	-2.23	0.13	62.60
2304	3332.48	198.80	-1.73	0.17	62.58
2305	3332.48	198.70	-2.17	0.20	62.60
2306	3332.48	198.53	-2.43	0.13	62.59
2307	3332.48	198.67	-2.73	0.23	62.60
2308	3332.48	200.00	-2.27	0.37	62.59
2309	3332.48	199.70	-1.90	0.50	62.60
2310	3332.48	199.70	-1.47	0.37	62.59
2311	3332.48	198.07	-1.57	0.20	62.60
2312	3332.48	197.97	-1.93	0.03	62.61
2313	3332.48	198.23	-2.40	0.10	62.64
2314	3332.48	199.27	-2.67	0.53	62.64
2315	3332.48	198.57	-3.70	0.67	62.63
2316	3332.48	198.53	-3.37	0.63	62.62
2317	3332.48	198.33	-2.93	0.27	62.62
2318	3332.48	199.90	-2.97	0.23	62.62
2319	3332.48	200.43	-3.17	0.20	62.60
2320	3332.48	200.27	-3.57	0.10	62.61
2321	3332.48	200.10	-2.47	0.23	62.63
2322	3332.48	199.97	-2.53	0.30	62.63
2323	3332.48	199.50	-2.63	0.40	62.62
2324	3332.48	199.33	-2.83	0.23	62.59
2325	3332.48	199.07	-2.53	0.23	62.59
2326	3332.48	200.20	-2.47	0.27	62.59
2327	3332.48	199.80	-1.90	0.20	62.60
2328	3332.48	200.00	-2.17	0.07	62.61
2329	3332.48	199.60	-0.87	-0.03	62.62
2330	3332.48	200.30	-1.23	0.00	62.61
2331	3332.48	200.17	-1.50	0.03	62.61
2332	3332.48	199.87	-2.83	0.13	62.60
2333	3332.48	199.80	-2.60	0.33	62.62
2334	3332.48	199.40	-2.07	0.43	62.62
2335	3332.48	199.47	-1.87	0.43	62.62
2336	3332.48	198.93	-1.83	0.23	62.60
2337	3332.48	200.10	-1.83	0.20	62.60
2338	3332.48	199.53	-1.77	0.17	62.60
2339	3332.48	199.90	-1.00	0.13	62.60
2340	3332.48	200.07	-1.40	0.17	62.61
2341	3332.48	200.83	-2.07	0.17	62.61
2342	3332.48	200.73	-2.60	0.23	62.61
2343	3332.48	199.90	-2.63	0.23	62.61
2344	3332.48	199.83	-2.10	0.30	62.60
2345	3332.48	198.73	-2.47	0.30	62.59
2346	3332.48	198.43	-1.90	0.30	62.59
2347	3332.48	198.20	-1.23	0.23	62.59
2348	3332.48	199.23	-1.20	0.37	62.59
2349	3332.48	198.53	-1.30	0.17	62.59
2350	3332.48	198.33	-2.03	0.20	62.60
2351	3332.48	198.37	-1.50	0.07	62.61
2352	3332.48	199.30	-1.97	0.17	62.62
2353	3332.48	199.70	-1.93	0.07	62.62
2354	3332.48	199.93	-2.20	0.03	62.62
2355	3332.48	200.33	-1.67	0.13	62.61
2356	3332.48	200.73	-1.47	0.17	62.60
2357	3332.48	200.80	-1.40	0.23	62.59
2358	3332.48	200.40	-1.47	0.30	62.58
2359	3332.48	200.10	-1.83	0.33	62.58
2360	3332.48	199.57	-1.80	0.13	62.56
2361	3332.48	198.93	-2.20	0.00	62.58
2362	3332.48	198.50	-2.73	-0.07	62.59
2363	3332.48	198.70	-3.33	0.00	62.61
2364	3332.48	198.97	-3.13	-0.07	62.61
2365	3332.48	198.67	-2.50	-0.23	62.63
2366	3332.48	198.17	-2.53	-0.20	62.62
2367	3332.48	198.20	-2.23	-0.13	62.62
2368	3332.48	199.63	-2.07	0.07	62.60
2369	3332.48	200.70	-1.87	0.17	62.59
2370	3332.48	201.13	-2.13	0.20	62.58
2371	3332.48	200.00	-2.27	0.23	62.58
2372	3332.48	199.33	-2.40	0.20	62.59
2373	3332.48	199.47	-2.77	0.17	62.60
2374	3332.48	199.70	-2.90	0.10	62.61
2375	3332.48	200.10	-2.93	0.10	62.62
2376	3332.48	199.87	-2.53	0.53	62.62
2377	3332.48	199.43	-2.17	0.57	62.61
2378	3332.48	198.97	-1.73	0.57	62.60
2379	3332.48	198.80	-1.77	0.17	62.59
2380	3332.48	198.93	-1.83	0.20	62.59
2381	3332.48	198.90	-2.10	0.13	62.60
2382	3332.48	198.43	-2.47	0.03	62.59
2383	3332.48	198.37	-2.77	0.00	62.59
2384	3332.48	198.63	-2.90	0.27	62.58
2385	3332.48	198.67	-2.43	0.13	62.57
2386	3332.48	198.90	-2.20	0.17	62.57
2387	3332.48	198.47	-1.80	-0.03	62.57
2388	3332.48	198.80	-1.33	0.20	62.58
2389	3332.48	199.03	-1.47	0.13	62.57
2390	3332.48	199.57	-1.73	0.23	62.59
2391	3332.48	199.80	-2.47	0.17	62.58
2392	3332.48	199.23	-2.50	-0.03	62.60
2393	3332.48	198.47	-2.33	-0.20	62.59
2394	3332.48	198.77	-0.63	-0.20	62.60
2395	3332.48	199.10	-0.10	0.00	62.61
2396	3332.48	199.93	-0.10	0.07	62.59
2397	3332.48	199.43	-1.40	0.03	62.59
2398	3332.48	199.73	-1.87	0.03	62.58
2399	3332.48	199.67	-2.60	0.03	62.59
2400	3332.48	199.57	-2.87	0.00	62.60
2401	3332.48	199.53	-2.87	-0.10	62.62
2402	3332.48	200.33	-2.53	-0.10	62.63
2403	3332.48	200.17	-1.80	-0.13	62.62
2404	3332.48	199.93	-1.87	-0.20	62.62
2405	3332.48	198.93	-1.47	-0.20	62.60
2406	3332.48	200.07	-2.17	-0.03	62.60
2407	3332.48	200.17	-1.60	0.23	62.59
2408	3332.48	200.53	-1.70	0.10	62.59
2409	3332.48	199.70	-1.50	-0.03	62.59
2410	3332.48	199.47	-2.03	-0.30	62.59
2411	3332.48	199.17	-2.27	-0.37	62.60
2412	3332.48	199.83	-2.63	-0.37	62.60
2413	3332.48	200.67	-2.67	-0.23	62.61
2414	3332.48	200.63	-2.33	-0.17	62.61
2415	3332.48	199.73	-2.37	-0.13	62.61
2416	3332.48	199.10	-2.27	-0.10	62.60
2417	3332.48	198.93	-2.77	-0.03	62.60
2418	3332.48	199.17	-2.37	0.07	62.59
2419	3332.48	199.37	-2.13	0.03	62.61
2420	3332.48	199.53	-1.93	0.03	62.61
2421	3332.48	199.53	-2.13	-0.03	62.63
2422	3332.48	198.83	-2.40	-0.07	62.61
2423	3332.48	198.40	-2.43	-0.13	62.62
2424	3332.48	198.20	-2.60	-0.17	62.61
2425	3332.48	198.47	-2.97	-0.13	62.61
2426	3332.48	199.13	-2.73	-0.10	62.61
2427	3332.48	199.17	-2.33	-0.10	62.61
2428	3332.48	198.73	-1.50	-0.10	62.60
2429	3332.48	198.50	-1.17	-0.03	62.59
2430	3332.48	198.43	-1.73	0.00	62.59
2431	3332.48	199.43	-1.53	0.10	62.59
2432	3332.48	198.70	-2.90	0.03	62.59
2433	3332.48	198.83	-2.67	-0.03	62.59
2434	3332.48	198.53	-3.20	-0.13	62.60
2435	3332.48	199.53	-2.27	-0.17	62.61
2436	3332.48	199.90	-2.23	-0.13	62.62
2437	3332.48	199.37	-2.40	-0.10	62.62
2438	3332.48	198.60	-1.90	-0.03	62.61
2439	3332.48	197.90	-1.67	0.03	62.60
2440	3332.48	198.43	-1.57	0.10	62.59
2441	3332.48	199.00	-1.80	0.13	62.58
2442	3332.48	199.70	-2.10	0.10	62.59
2443	3332.48	199.13	-1.77	0.00	62.59
2444	3332.48	199.13	-2.40	0.03	62.62
2445	3332.48	199.03	-2.40	0.03	62.62
2446	3332.48	199.70	-3.07	0.10	62.63
2447	3332.48	200.53	-2.80	0.03	62.61
2448	3332.48	199.90	-2.37	0.03	62.59
2449	3332.48	199.13	-1.63	0.03	62.57
2450	3332.48	198.57	-2.80	0.07	62.57
2451	3332.48	199.43	-2.87	0.13	62.58
2452	3332.48	200.20	-3.63	0.07	62.59
2453	3332.48	199.83	-2.83	-0.03	62.59
2454	3332.48	199.10	-3.93	-0.10	62.60
2455	3332.48	198.90	-3.87	-0.13	62.61
2456	3332.48	198.17	-3.37	0.03	62.61
2457	3332.48	199.33	-2.03	0.07	62.61
2458	3332.48	198.90	-1.17	0.17	62.59
2459	3332.48	199.63	-0.83	0.13	62.59
2460	3332.48	199.10	-1.40	0.03	62.60
2461	3332.48	200.20	-2.33	-0.03	62.61
2462	3332.48	199.90	-2.57	-0.27	62.62
2463	3332.48	200.10	-2.57	-0.30	62.61
2464	3332.48	198.97	-2.53	-0.37	62.61
2465	3332.48	199.37	-2.90	0.03	62.59
2466	3332.48	199.03	-2.57	0.20	62.59
2467	3332.48	199.93	-2.23	0.33	62.58
2468	3332.48	199.80	-2.07	0.17	62.59
2469	3332.48	198.77	-2.07	0.10	62.60
2470	3332.48	198.30	-2.60	0.07	62.61
2471	3332.48	198.40	-2.20	-0.07	62.62
2472	3332.48	198.70	-2.80	0.07	62.61
2473	3332.48	198.73	-1.87	0.17	62.60
2474	3332.48	198.37	-2.10	0.40	62.59
2475	3332.48	199.20	-1.73	0.40	62.56
2476	3332.48	199.27	-4.17	0.40	62.56
2477	3332.48	198.83	-4.20	0.23	62.58
2478	3332.48	198.70	-4.37	0.20	62.63
2479	3332.48	198.83	-2.23	0.10	62.63
2480	3332.48	199.97	-2.23	0.17	62.62
2481	3332.48	200.73	-1.73	0.20	62.59
2482	3332.48	200.60	-1.87	0.33	62.59
2483	3332.48	200.07	-2.23	0.40	62.59
2484	3332.48	198.77	-2.57	0.23	62.61
2485	3332.48	198.20	-2.83	0.20	62.63
2486	3332.48	198.30	-1.50	0.13	62.63
2487	3332.48	198.17	-1.17	0.17	62.60
2488	3332.48	197.77	-0.83	0.13	62.59
2489	3332.48	198.20	-1.47	0.10	62.58
2490	3332.48	198.67	-2.10	0.13	62.59
2491	3332.48	199.23	-1.93	0.03	62.60
2492	3332.48	198.33	-2.37	-0.07	62.63
2493	3332.48	198.57	-2.20	0.13	62.61
2494	3332.48	198.73	-2.67	0.17	62.60
2495	3332.48	200.03	-2.87	0.33	62.58
2496	3332.48	199.27	-2.50	0.17	62.60
2497	3332.48	199.60	-2.13	0.23	62.59
2498	3332.48	199.47	-1.87	0.20	62.59
2499	3332.48	200.57	-2.23	0.17	62.60
2500	3332.48	200.73	-2.53	0.03	62.61
2501	3332.48	200.87	-2.73	0.00	62.61
2502	3332.48	200.37	-2.90	0.00	62.61
2503	3332.48	200.23	-3.10	0.20	62.61
2504	3332.48	199.63	-2.67	0.27	62.59
2505	3332.48	199.23	-2.23	0.23	62.58
2506	3332.48	198.83	-1.77	0.10	62.60
2507	3332.48	199.10	-1.80	0.00	62.62
2508	3332.48	199.13	-2.03	-0.03	62.63
2509	3332.48	199.40	-2.07	-0.03	62.61
2510	3332.48	198.83	-2.60	-0.07	62.61
2511	3332.48	199.77	-2.47	0.07	62.60
2512	3332.48	199.83	-4.10	0.13	62.59
2513	3332.48	199.53	-3.57	0.27	62.58
2514	3332.48	199.57	-2.53	0.23	62.59
2515	3332.48	198.27	-0.93	0.20	62.63
2516	3332.48	198.87	-1.57	0.10	62.65
2517	3332.48	197.93	-2.67	0.00	62.65
2518	3332.48	199.10	-2.87	0.03	62.62
2519	3332.48	199.27	-2.00	-0.10	62.60
2520	3332.48	199.67	-1.87	-0.03	62.59
2521	3332.48	199.10	-1.43	-0.17	62.58
2522	3332.48	198.47	-1.77	0.00	62.58
2523	3332.48	198.13	-1.90	-0.03	62.60
2524	3332.48	199.00	-2.23	0.13	62.60
2525	3332.48	199.13	-2.27	0.30	62.61
2526	3332.48	199.50	-2.30	0.43	62.62
2527	3332.48	199.50	-2.20	0.40	62.62
2528	3332.48	199.40	-1.93	0.17	62.62
2529	3332.48	199.43	-1.73	0.33	62.60
2530	3332.48	198.53	-1.70	0.27	62.60
2531	3332.48	199.10	-1.90	0.33	62.59
2532	3332.48	198.23	-2.20	0.10	62.59
2533	3332.48	199.10	-2.40	0.17	62.60
2534	3332.48	199.30	-2.57	0.23	62.59
2535	3332.48	200.17	-2.43	0.20	62.60
2536	3332.48	200.50	-2.33	0.20	62.59
2537	3332.48	199.37	-1.83	0.23	62.60
2538	3332.48	199.20	-1.77	0.37	62.60
2539	3332.48	198.70	-1.60	0.37	62.56
2540	3332.48	200.33	-3.10	0.33	62.56
2541	3332.48	200.63	-2.93	0.03	62.55
2542	3332.48	200.03	-3.13	-0.03	62.58
2543	3332.48	199.30	-2.13	-0.13	62.60
2544	3332.48	198.63	-2.13	0.20	62.59
2545	3332.48	199.60	-2.10	0.33	62.58
2546	3332.48	199.67	-1.77	0.43	62.57
2547	3332.48	200.10	-0.67	0.33	62.58
2548	3332.48	199.57	-0.67	0.17	62.57
2549	3332.48	199.83	-1.50	0.07	62.58
2550	3332.48	199.43	-2.83	0.17	62.59
2551	3332.48	200.23	-3.37	0.27	62.60
2552	3332.48	199.63	-2.70	0.27	62.61
2553	3332.48	199.73	-2.80	0.17	62.61
2554	3332.48	198.87	-1.97	0.17	62.60
2555	3332.48	199.93	-1.97	0.23	62.59
2556	3332.48	200.07	-1.70	0.17	62.59
2557	3332.48	200.47	-1.90	0.20	62.59
2558	3332.48	199.60	-2.03	0.13	62.60
2559	3332.48	199.60	-2.07	0.10	62.60
2560	3332.48	199.83	-2.37	0.10	62.61
2561	3332.48	199.60	-2.77	0.07	62.62
2562	3332.48	199.93	-3.47	0.07	62.61
2563	3332.48	200.13	-3.27	0.00	62.60
2564	3332.48	199.70	-2.67	0.00	62.59
2565	3332.48	199.63	-1.97	-0.03	62.57
2566	3332.48	199.03	-1.97	-0.03	62.56
2567	3332.48	199.67	-2.30	0.00	62.58
2568	3332.48	200.37	-2.23	0.13	62.61
2569	3332.48	199.97	-2.07	0.00	62.62
2570	3332.48	200.03	-2.17	-0.10	62.65
2571	3332.48	199.50	-2.37	-0.23	62.65
2572	3332.48	199.73	-2.27	-0.20	62.64
2573	3332.48	199.87	-1.77	-0.10	62.59
2574	3332.48	199.83	-0.83	-0.20	62.58
2575	3332.48	200.03	-0.90	-0.23	62.58
2576	3332.48	199.37	-1.67	-0.20	62.59
2577	3332.48	199.67	-2.87	0.03	62.61
2578	3332.48	200.43	-3.20	0.20	62.61
2579	3332.48	201.63	-2.83	0.33	62.62
2580	3332.48	201.20	-2.43	0.17	62.63
2581	3332.48	200.03	-2.30	0.17	62.63
2582	3332.48	199.73	-1.77	-0.07	62.62
2583	3332.48	199.70	-1.87	-0.07	62.59
2584	3332.48	200.03	-1.83	-0.03	62.60
2585	3332.48	199.47	-1.90	-0.03	62.61
2586	3332.48	199.27	-2.37	-0.03	62.62
2587	3332.48	199.60	-2.37	-0.43	62.63
2588	3332.48	200.37	-2.67	-0.40	62.63
2589	3332.48	200.17	-1.93	-0.37	62.62
2590	3332.48	199.00	-1.53	-0.33	62.59
2591	3332.48	197.77	-1.57	-0.07	62.59
2592	3332.48	198.37	-2.80	-0.23	62.59
2593	3332.48	199.40	-3.33	-0.10	62.60
2594	3332.48	199.67	-3.53	-0.63	62.61
2595	3332.48	199.93	-2.93	-0.53	62.62
2596	3332.48	199.87	-2.90	-0.43	62.62
2597	3332.48	199.77	-2.37	-0.17	62.60
2598	3332.48	199.90	-1.93	0.03	62.59
2599	3332.48	200.03	-1.40	0.10	62.58
2600	3332.48	199.87	-1.40	0.10	62.59
2601	3332.48	199.23	-1.90	-0.10	62.60
2602	3332.48	198.37	-2.40	-0.37	62.63
2603	3332.48	198.53	-2.53	-0.40	62.64
2604	3332.48	199.13	-2.00	-0.33	62.63
2605	3332.48	200.33	-2.53	-0.10	62.60
2606	3332.48	200.40	-2.73	0.07	62.59
2607	3332.48	198.80	-2.67	-0.20	62.58
2608	3332.48	198.10	-2.10	-0.13	62.58
2609	3332.48	199.07	-2.00	-0.37	62.60
2610	3332.48	199.67	-2.20	-0.17	62.61
2611	3332.48	199.90	-2.33	-0.33	62.62
2612	3332.48	199.53	-2.50	-0.20	62.61
2613	3332.48	200.13	-3.27	-0.13	62.60
2614	3332.48	199.10	-2.70	-0.03	62.60
2615	3332.48	198.13	-2.40	-0.17	62.58
2616	3332.48	198.13	-1.70	-0.07	62.59
2617	3332.48	199.10	-2.13	0.20	62.58
2618	3332.48	198.97	-2.63	0.27	62.59
2619	3332.48	198.77	-2.70	0.13	62.60
2620	3332.48	198.70	-2.80	-0.13	62.61
2621	3332.48	199.13	-2.47	-0.13	62.60
2622	3332.48	199.43	-1.17	-0.13	62.59
2623	3332.48	199.17	-0.67	0.00	62.58
2624	3332.48	199.47	-0.37	-0.27	62.58
2625	3332.48	199.33	-0.40	-0.27	62.58
2626	3332.48	199.97	-1.23	-0.47	62.58
2627	3332.48	199.77	-1.93	-0.17	62.60
2628	3332.48	199.93	-3.03	-0.17	62.60
2629	3332.48	200.17	-2.43	-0.07	62.64
2630	3332.48	200.27	-1.97	-0.03	62.62
2631	3332.48	199.83	-1.77	0.07	62.62
2632	3332.48	198.80	-1.57	-0.23	62.60
2633	3332.48	198.50	-1.77	-0.33	62.61
2634	3332.48	198.37	-2.10	-0.47	62.62
2635	3332.48	198.90	-2.70	-0.27	62.60
2636	3332.48	200.23	-2.73	-0.20	62.62
2637	3332.48	200.47	-2.57	-0.20	62.61
2638	3332.48	200.53	-2.17	-0.13	62.60
2639	3332.48	198.43	-1.63	-0.17	62.58
2640	3332.48	198.03	-2.13	-0.17	62.59
2641	3332.48	198.40	-2.57	-0.33	62.60
2642	3332.48	199.57	-2.97	-0.23	62.61
2643	3332.48	200.13	-2.13	-0.17	62.60
2644	3332.48	200.37	-1.43	0.03	62.59
2645	3332.48	200.03	-1.20	-0.03	62.59
2646	3332.48	200.47	-1.07	-0.03	62.59
2647	3332.48	199.33	-1.13	-0.23	62.62
2648	3332.48	199.73	-1.70	-0.33	62.63
2649	3332.48	200.40	-2.27	-0.07	62.63
2650	3332.48	202.07	-2.43	0.23	62.57
2651	3332.48	202.37	-0.23	0.67	62.56
2652	3332.48	201.53	0.13	0.47	62.56
2653	3332.48	200.27	-0.40	0.07	62.59
2654	3332.48	200.63	-1.40	-0.10	62.60
2655	3332.48	200.10	-1.03	-0.20	62.62
2656	3332.48	199.03	-0.70	-0.13	62.61
2657	3332.48	197.73	-1.17	-0.30	62.59
2658	3332.48	198.67	-1.80	-0.27	62.57
2659	3332.48	200.17	-2.00	-0.13	62.57
2660	3332.48	200.80	-2.83	-0.20	62.60
2661	3332.48	199.73	-3.10	-0.23	62.61
2662	3332.48	199.80	-3.23	-0.17	62.60
2663	3332.48	199.20	-3.00	-0.03	62.59
2664	3332.48	199.43	-3.47	-0.03	62.57
2665	3332.48	198.67	-3.73	-0.13	62.59
2666	3332.48	198.67	-3.73	-0.13	62.59
