time (s)	cumulative shear displacment (cm)	total normal stress (kPa)	shear stress (kPa)	pore-water pressure (kPa)	specimen thickness (mm)
0	1690.64	98.67	-4.53	14.07	65.65
1	1690.64	98.67	-4.53	14.07	65.65
2	1690.64	100.53	-4.67	14.13	65.63
3	1690.64	100.43	-4.57	14.17	65.64
4	1690.64	100.63	-5.00	14.30	65.65
5	1690.64	101.20	-5.27	14.33	65.65
6	1690.64	100.93	-5.03	14.33	65.65
7	1690.64	101.13	-4.53	14.37	65.63
8	1690.64	100.67	-4.23	14.40	65.63
9	1690.64	101.10	-4.67	14.53	65.63
10	1690.64	100.87	-5.00	14.30	65.66
11	1690.64	100.13	-5.17	14.00	65.68
12	1690.64	99.43	-4.50	14.00	65.69
13	1690.64	100.00	-4.37	14.23	65.66
14	1690.64	100.00	-3.90	14.57	65.64
15	1690.64	100.40	-2.67	14.57	65.63
16	1690.64	99.37	-1.93	14.53	65.64
17	1690.64	99.47	-2.20	14.50	65.65
18	1690.64	100.77	-3.87	14.50	65.65
19	1690.64	100.43	-4.70	14.53	65.65
20	1690.64	101.23	-4.90	14.70	65.64
21	1690.64	99.87	-4.73	14.73	65.60
22	1690.64	100.93	-4.30	14.77	65.59
23	1690.64	100.67	-4.10	14.73	65.59
24	1690.64	100.50	-4.63	14.83	65.63
25	1690.64	100.20	-4.93	14.73	65.65
26	1690.64	99.67	-6.30	14.60	65.66
27	1690.64	99.80	-6.30	14.50	65.66
28	1690.64	101.33	-6.37	14.63	65.64
29	1690.64	101.37	-4.57	14.87	65.63
30	1690.64	101.77	-3.80	14.87	65.62
31	1690.64	100.43	-3.53	14.90	65.62
32	1690.64	100.70	-3.97	14.77	65.62
33	1690.64	99.63	-4.53	14.73	65.63
34	1690.64	99.37	-4.87	14.57	65.63
35	1690.64	98.83	-5.07	14.30	65.63
36	1690.64	98.17	-4.97	14.27	65.63
37	1690.64	97.60	-4.43	14.33	65.65
38	1690.64	97.47	-4.30	14.47	65.65
39	1690.64	98.37	-4.17	14.53	65.64
40	1690.64	99.13	-4.57	14.60	65.66
41	1690.64	99.50	-4.40	14.63	65.67
42	1690.64	99.80	-5.87	14.60	65.68
43	1690.64	99.57	-5.87	14.50	65.65
44	1690.64	99.27	-6.07	14.50	65.65
45	1690.64	99.53	-4.67	14.50	65.64
46	1690.64	99.87	-4.40	14.57	65.63
47	1690.64	99.97	-4.37	14.70	65.62
48	1690.64	99.70	-4.30	14.70	65.62
49	1690.64	99.90	-4.63	14.70	65.64
50	1690.64	100.07	-4.53	14.47	65.65
51	1690.64	100.27	-6.53	14.40	65.65
52	1690.64	99.70	-5.90	14.27	65.65
53	1690.64	99.50	-6.10	14.37	65.65
54	1690.64	100.00	-4.63	14.40	65.64
55	1690.64	100.30	-5.33	14.67	65.65
56	1690.64	100.83	-1.73	14.77	65.64
57	1690.64	100.03	-1.13	14.73	65.63
58	1690.64	99.70	-0.90	14.57	65.62
59	1690.64	100.43	-4.53	14.53	65.64
60	1690.64	100.73	-4.83	14.40	65.65
61	1690.64	100.93	-5.13	14.40	65.66
62	1690.64	99.33	-5.13	14.33	65.64
63	1690.64	100.00	-5.30	14.50	65.64
64	1690.64	100.10	-4.70	14.50	65.61
65	1690.64	100.90	-4.40	14.60	65.60
66	1690.64	99.97	-4.37	14.47	65.60
67	1690.64	100.33	-4.83	14.37	65.62
68	1690.64	100.03	-5.80	14.27	65.64
69	1690.64	100.27	-5.60	14.30	65.65
70	1690.64	99.83	-5.90	14.30	65.65
71	1690.64	99.93	-4.90	14.30	65.64
72	1690.64	99.53	-4.50	14.37	65.62
73	1690.64	99.20	-4.13	14.33	65.62
74	1690.64	98.93	-4.10	14.17	65.63
75	1690.64	99.63	-4.67	14.10	65.65
76	1690.64	99.07	-6.13	14.03	65.65
77	1690.64	99.80	-6.40	14.17	65.65
78	1690.64	99.37	-5.93	14.67	65.64
79	1690.64	101.07	-4.47	14.83	65.63
80	1690.64	100.50	-4.60	14.83	65.62
81	1690.64	100.43	-4.90	14.33	65.62
82	1690.64	99.40	-4.90	14.17	65.63
83	1690.64	99.40	-4.73	14.20	65.64
84	1690.64	99.30	-4.50	14.17	65.64
85	1690.64	98.30	-4.50	14.20	65.63
86	1690.64	98.30	-4.30	14.23	65.63
87	1690.64	98.60	-4.60	14.20	65.62
88	1690.64	100.90	-4.93	14.13	65.62
89	1690.64	101.07	-5.33	13.93	65.63
90	1690.64	101.13	-4.83	13.93	65.64
91	1690.64	100.27	-4.43	14.00	65.64
92	1690.64	100.10	-4.00	14.10	65.63
93	1690.64	99.93	-4.40	14.07	65.61
94	1690.64	100.00	-5.70	14.03	65.61
95	1690.64	100.40	-5.90	14.03	65.62
96	1690.64	100.50	-5.87	13.87	65.64
97	1690.64	100.67	-4.90	13.90	65.69
98	1690.64	100.33	-4.67	13.83	65.69
99	1690.64	101.00	-4.33	14.10	65.67
100	1690.64	101.40	-3.87	14.07	65.63
101	1690.64	101.60	-4.07	14.00	65.63
102	1690.64	101.50	-4.67	13.90	65.63
103	1690.64	101.00	-4.67	13.80	65.64
104	1690.64	101.07	-4.57	13.77	65.64
105	1690.64	100.20	-4.37	13.73	65.65
106	1690.64	99.73	-4.13	13.67	65.64
107	1690.64	99.83	-4.90	13.73	65.63
108	1690.64	100.43	-4.57	13.63	65.64
109	1690.64	100.90	-5.33	13.70	65.64
110	1690.64	100.87	-4.70	13.60	65.65
111	1690.64	100.70	-5.27	13.63	65.63
112	1690.64	99.83	-4.70	13.57	65.63
113	1690.64	99.47	-4.43	13.57	65.63
114	1690.64	99.43	-4.00	13.60	65.62
115	1690.64	100.27	-4.33	13.60	65.62
116	1690.64	100.77	-4.13	13.60	65.63
117	1690.64	100.60	-4.53	13.53	65.64
118	1690.64	100.40	-4.53	13.50	65.64
119	1690.64	99.73	-4.67	13.47	65.63
120	1690.64	100.30	-4.17	13.50	65.62
121	1690.64	100.03	-3.57	13.50	65.61
122	1690.64	101.23	-3.63	13.53	65.61
123	1690.64	100.83	-3.80	13.43	65.63
124	1690.64	101.73	-4.47	13.73	65.64
125	1690.64	101.47	-5.00	13.93	65.65
126	1690.64	101.10	-4.70	13.93	65.66
127	1690.64	100.57	-3.43	13.60	65.65
128	1690.64	99.17	-2.90	13.33	65.64
129	1690.64	99.53	-3.13	13.23	65.62
130	1690.64	98.63	-1.83	12.97	65.62
131	1690.64	100.00	-2.30	12.83	65.63
132	1690.64	100.20	-2.73	12.83	65.64
133	1690.64	101.67	-5.27	13.00	65.64
134	1690.64	100.80	-4.77	13.03	65.63
135	1690.64	101.93	-4.53	13.17	65.62
136	1690.64	101.17	-4.47	13.20	65.61
137	1690.64	102.17	-4.93	13.20	65.61
138	1690.64	101.60	-5.00	13.07	65.62
139	1690.64	100.87	-5.27	13.00	65.63
140	1690.64	100.10	-4.93	12.87	65.64
141	1690.64	99.20	-5.60	12.80	65.64
142	1690.64	100.27	-5.03	12.83	65.63
143	1690.64	100.37	-6.17	12.97	65.62
144	1690.64	100.53	-5.07	13.23	65.61
145	1690.64	100.43	-5.67	13.17	65.61
146	1690.64	100.03	-4.70	12.97	65.64
147	1690.64	100.03	-4.20	12.67	65.65
148	1690.64	100.23	-3.90	12.67	65.66
149	1690.64	101.03	-4.07	12.87	65.64
150	1690.64	100.90	-5.73	12.90	65.62
151	1690.64	101.00	-5.80	13.03	65.61
152	1690.64	100.83	-5.70	12.93	65.59
153	1690.64	100.60	-3.60	12.87	65.59
154	1690.64	100.03	-2.47	12.67	65.59
155	1690.64	99.27	-2.53	12.53	65.62
156	1690.64	99.90	-3.63	12.47	65.63
157	1690.64	99.40	-4.63	12.37	65.64
158	1690.64	99.53	-4.60	12.43	65.67
159	1690.64	99.00	-4.73	12.47	65.67
160	1690.64	99.50	-6.37	12.53	65.66
161	1690.64	99.40	-5.90	12.50	65.62
162	1690.64	99.70	-5.67	12.50	65.62
163	1690.64	99.47	-4.13	12.23	65.64
164	1690.64	100.33	-4.20	12.23	65.60
165	1690.64	99.50	-4.70	12.27	65.60
166	1690.64	100.27	-4.57	12.47	65.58
167	1690.64	99.43	-4.67	12.37	65.62
168	1690.64	100.33	-5.63	12.33	65.64
169	1690.64	99.97	-5.67	12.40	65.64
170	1690.64	100.67	-5.77	12.50	65.63
171	1690.64	100.87	-4.40	12.67	65.62
172	1690.64	101.17	-3.90	12.60	65.61
173	1690.64	101.03	-3.73	12.53	65.61
174	1690.64	101.00	-4.00	12.77	65.63
175	1690.64	100.57	-4.53	12.60	65.64
176	1690.64	100.40	-4.70	12.47	65.66
177	1690.64	99.37	-4.97	11.80	65.64
178	1690.64	99.13	-5.73	11.87	65.64
179	1690.64	99.37	-5.77	11.90	65.63
180	1690.64	100.33	-5.40	12.07	65.62
181	1690.64	101.13	-4.60	12.27	65.62
182	1690.64	100.13	-4.20	12.37	65.61
183	1690.64	99.87	-4.53	12.37	65.60
184	1690.64	99.47	-4.40	12.17	65.61
185	1690.64	100.20	-5.00	12.13	65.62
186	1690.64	100.17	-4.57	12.30	65.63
187	1690.64	100.17	-5.03	12.27	65.63
188	1690.64	99.87	-5.47	12.17	65.63
189	1690.64	99.97	-5.40	11.93	65.63
190	1690.64	99.97	-3.93	12.10	65.62
191	1690.64	100.70	-3.07	12.20	65.61
192	1690.64	100.33	-3.17	12.27	65.60
193	1690.64	100.17	-4.43	12.03	65.61
194	1690.64	100.13	-4.83	11.93	65.61
195	1690.64	99.93	-5.03	11.80	65.63
196	1690.64	100.23	-4.90	11.40	65.66
197	1690.64	99.83	-5.07	11.47	65.67
198	1690.64	100.23	-4.80	11.50	65.67
199	1690.64	99.97	-4.60	11.93	65.63
200	1690.64	99.23	-3.93	11.83	65.61
201	1690.64	99.10	-3.77	11.73	65.61
202	1690.64	98.90	-3.93	11.77	65.61
203	1690.64	99.13	-4.23	11.83	65.62
204	1690.64	99.83	-4.90	12.03	65.64
205	1690.64	100.60	-5.27	12.00	65.64
206	1690.64	101.53	-4.83	11.93	65.64
207	1690.64	101.10	-4.67	11.77	65.63
208	1690.64	100.37	-4.10	11.77	65.63
209	1690.64	98.73	-4.37	11.70	65.62
210	1690.64	98.33	-3.90	11.67	65.59
211	1690.64	98.30	-4.00	11.63	65.59
212	1690.64	99.50	-4.27	11.73	65.59
213	1690.64	100.00	-4.90	11.73	65.62
214	1690.64	100.97	-5.13	11.70	65.64
215	1690.64	100.50	-5.27	11.23	65.64
216	1690.64	100.27	-3.97	11.27	65.65
217	1690.64	99.63	-3.77	11.23	65.63
218	1690.64	100.20	-3.50	11.50	65.62
219	1690.64	99.93	-4.57	11.50	65.61
220	1690.64	98.93	-4.10	11.47	65.61
221	1690.64	99.10	-3.87	11.63	65.61
222	1690.64	99.60	-3.37	11.60	65.61
223	1690.64	100.70	-3.83	11.70	65.60
224	1690.64	100.70	-4.17	11.53	65.60
225	1690.64	100.30	-5.43	11.50	65.61
226	1690.64	99.57	-4.90	11.37	65.62
227	1690.64	99.90	-4.83	11.17	65.62
228	1690.64	100.37	-3.93	11.07	65.62
229	1690.64	101.17	-3.73	11.13	65.62
230	1690.64	101.00	-3.83	11.33	65.62
231	1690.64	101.43	-3.83	11.47	65.62
232	1690.64	101.20	-4.27	11.40	65.61
233	1690.64	100.83	-4.30	11.43	65.60
234	1690.64	99.87	-4.30	11.40	65.60
235	1690.64	100.20	-4.67	11.40	65.64
236	1690.64	100.90	-4.60	11.33	65.65
237	1690.64	102.10	-4.93	11.27	65.66
238	1690.64	101.80	-6.20	11.23	65.62
239	1690.64	101.40	-6.57	11.23	65.62
240	1690.64	101.57	-6.53	11.20	65.63
241	1690.64	100.97	-5.67	11.23	65.63
242	1690.64	99.90	-4.27	11.33	65.63
243	1690.64	99.03	-3.87	11.37	65.62
244	1690.64	99.20	-3.30	11.47	65.59
245	1690.64	99.67	-4.07	11.40	65.59
246	1690.64	100.13	-4.73	11.40	65.60
247	1690.64	100.17	-4.83	11.57	65.61
248	1690.64	100.93	-5.17	11.43	65.60
249	1690.64	101.23	-4.97	11.30	65.61
250	1690.64	101.67	-7.87	11.00	65.61
251	1690.64	101.73	-7.87	11.00	65.63
252	1690.64	100.77	-7.90	11.10	65.63
253	1690.64	100.87	-5.37	11.10	65.63
254	1690.64	100.30	-5.07	11.07	65.62
255	1690.64	100.77	-4.70	11.13	65.62
256	1690.64	100.90	-4.40	11.10	65.61
257	1690.64	101.33	-4.43	11.20	65.62
258	1690.64	100.77	-5.70	11.07	65.61
259	1690.64	101.60	-5.57	10.93	65.61
260	1690.64	100.53	-5.80	10.93	65.60
261	1690.64	100.90	-4.47	10.90	65.61
262	1690.64	99.83	-4.13	10.83	65.62
263	1690.64	99.50	-4.10	10.97	65.61
264	1690.64	98.83	-2.53	10.93	65.61
265	1690.64	98.93	-3.10	11.07	65.61
266	1690.64	100.60	-3.20	10.87	65.63
267	1690.64	101.10	-4.67	10.87	65.63
268	1690.64	101.20	-4.93	10.83	65.63
269	1690.64	99.53	-4.47	10.73	65.62
270	1690.64	98.50	-4.27	10.73	65.65
271	1690.64	97.90	-3.63	10.63	65.64
272	1690.64	98.37	-3.63	10.50	65.65
273	1690.64	99.93	-3.90	10.53	65.61
274	1690.64	100.17	-3.53	10.57	65.61
275	1690.64	100.27	-5.17	10.67	65.61
276	1690.64	99.23	-4.90	10.60	65.61
277	1690.64	99.77	-5.03	10.60	65.62
278	1690.64	100.30	-3.87	10.57	65.64
279	1690.64	100.83	-4.33	10.77	65.64
280	1690.64	99.63	-4.73	10.73	65.64
281	1690.64	99.70	-4.27	10.80	65.62
282	1690.64	99.67	-4.17	10.63	65.61
283	1690.64	99.87	-4.23	10.53	65.62
284	1690.64	99.83	-4.50	10.63	65.61
285	1690.64	99.27	-4.37	10.60	65.61
286	1690.64	100.17	-4.33	10.73	65.60
287	1690.64	98.87	-4.37	10.63	65.61
288	1690.64	99.07	-4.77	10.50	65.61
289	1690.64	99.37	-5.10	10.50	65.62
290	1690.64	100.53	-5.33	10.47	65.62
291	1690.64	100.97	-5.27	10.57	65.63
292	1690.64	100.63	-5.90	10.63	65.62
293	1690.64	100.80	-5.33	10.67	65.61
294	1690.64	100.27	-4.53	10.70	65.60
295	1690.64	100.03	-1.57	10.60	65.59
296	1690.64	99.97	-2.00	10.57	65.60
297	1690.64	100.47	-2.33	10.57	65.60
298	1690.64	100.33	-4.13	10.43	65.58
299	1690.64	100.43	-4.10	10.30	65.59
300	1690.64	100.77	-2.43	10.17	65.60
301	1690.64	100.67	-2.37	10.23	65.62
302	1690.64	100.67	-2.43	10.33	65.62
303	1690.64	100.50	-5.97	10.37	65.61
304	1690.64	100.43	-6.47	10.43	65.61
305	1690.64	100.60	-6.30	10.47	65.60
306	1690.64	100.27	-4.63	10.47	65.60
307	1690.64	100.83	-4.60	10.20	65.60
308	1690.64	100.23	-4.57	10.07	65.61
309	1690.64	101.03	-4.93	10.00	65.62
310	1690.64	101.00	-5.00	10.00	65.63
311	1690.64	101.50	-5.57	10.03	65.63
312	1690.64	100.00	-5.70	10.07	65.62
313	1690.64	100.13	-5.60	10.30	65.61
314	1690.64	99.50	-4.63	10.33	65.59
315	1690.64	100.40	-3.90	10.27	65.59
316	1690.64	100.43	-3.63	10.10	65.60
317	1690.64	100.63	-4.40	9.93	65.61
318	1690.64	100.67	-4.63	9.90	65.62
319	1690.64	99.63	-4.90	9.93	65.62
320	1690.64	100.07	-4.80	10.33	65.58
321	1690.64	98.97	-4.87	10.37	65.58
322	1690.64	99.87	-4.47	10.43	65.57
323	1690.64	99.67	-4.23	9.73	65.60
324	1690.64	100.40	-3.87	9.70	65.60
325	1690.64	100.77	-4.30	9.63	65.61
326	1690.64	100.60	-7.13	9.97	65.62
327	1690.64	101.73	-7.50	10.00	65.62
328	1690.64	100.97	-7.37	10.03	65.62
329	1690.64	100.80	-4.47	10.13	65.61
330	1690.64	100.87	-4.40	10.27	65.60
331	1690.64	99.63	-4.37	10.27	65.60
332	1690.64	99.30	-4.73	10.20	65.60
333	1690.64	98.87	-4.87	10.10	65.60
334	1690.64	100.37	-5.07	10.07	65.60
335	1690.64	100.70	-4.90	9.97	65.60
336	1690.64	100.70	-4.83	9.93	65.61
337	1690.64	100.10	-4.83	9.87	65.61
338	1690.64	101.13	-4.83	9.93	65.62
339	1690.64	99.83	-4.30	9.83	65.61
340	1690.64	99.13	-5.30	9.90	65.61
341	1690.64	98.53	-5.20	10.00	65.60
342	1690.64	99.00	-5.13	10.00	65.60
343	1690.64	100.63	-4.00	10.00	65.59
344	1690.64	100.87	-4.07	9.90	65.61
345	1690.64	101.27	-4.43	10.17	65.63
346	1690.64	100.80	-4.50	10.40	65.63
347	1690.64	100.07	-4.70	10.40	65.63
348	1690.64	100.37	-5.93	10.13	65.61
349	1690.64	100.33	-5.83	9.87	65.61
350	1690.64	100.60	-5.40	9.87	65.60
351	1690.64	100.30	-4.13	9.90	65.60
352	1690.64	100.37	-3.80	9.87	65.60
353	1690.64	100.13	-3.90	9.80	65.61
354	1690.64	99.47	-4.23	9.70	65.59
355	1690.64	98.67	-4.77	9.53	65.59
356	1690.64	99.33	-4.83	9.53	65.59
357	1690.64	99.77	-4.27	9.53	65.61
358	1690.64	101.03	-3.67	9.77	65.60
359	1690.64	100.17	-3.50	9.77	65.60
360	1690.64	100.33	-3.70	9.77	65.61
361	1690.64	100.00	-4.03	9.63	65.62
362	1690.64	100.53	-4.33	9.50	65.64
363	1690.64	100.57	-4.53	9.43	65.63
364	1690.64	100.20	-4.70	9.37	65.62
365	1690.64	99.97	-4.33	9.50	65.61
366	1690.64	99.70	-4.40	9.77	65.59
367	1690.64	99.47	-4.27	9.73	65.58
368	1690.64	99.87	-4.43	9.67	65.58
369	1690.64	100.50	-4.17	9.60	65.54
370	1690.64	100.37	-4.47	9.40	65.55
371	1690.64	100.33	-4.80	9.40	65.56
372	1690.64	100.20	-5.07	9.17	65.63
373	1690.64	100.77	-4.77	9.43	65.62
374	1690.64	100.77	-4.13	9.47	65.62
375	1690.64	100.47	-4.10	9.50	65.59
376	1690.64	99.97	-3.93	9.53	65.59
377	1690.64	100.37	-4.43	9.47	65.59
378	1690.64	99.70	-4.77	9.40	65.60
379	1690.64	100.33	-5.10	9.37	65.61
380	1690.64	99.70	-5.03	9.13	65.59
381	1690.64	100.63	-4.87	9.10	65.58
382	1690.64	100.67	-4.67	9.10	65.57
383	1690.64	100.83	-4.50	9.23	65.55
384	1690.64	100.70	-4.63	9.30	65.56
385	1690.64	100.33	-4.87	8.77	65.61
386	1690.64	100.83	-5.17	8.73	65.64
387	1690.64	100.83	-4.77	8.63	65.65
388	1690.64	100.47	-4.23	9.07	65.61
389	1690.64	100.23	-4.03	9.20	65.60
390	1690.64	100.23	-4.10	9.30	65.59
391	1690.64	100.07	-4.97	9.27	65.60
392	1690.64	99.47	-5.47	9.20	65.61
393	1690.64	99.70	-5.43	9.20	65.61
394	1690.64	100.23	-4.63	9.37	65.61
395	1690.64	101.17	-3.83	9.33	65.60
396	1690.64	101.00	-3.73	9.33	65.59
397	1690.64	101.03	-4.43	9.30	65.57
398	1690.64	100.57	-4.73	9.50	65.60
399	1690.64	100.23	-4.57	9.40	65.61
400	1690.64	100.63	-4.20	9.30	65.62
401	1690.64	100.33	-3.87	9.33	65.62
402	1690.64	100.70	-4.07	9.40	65.62
403	1690.64	100.33	-3.93	9.30	65.61
404	1690.64	100.97	-4.47	8.90	65.60
405	1690.64	100.97	-4.90	8.80	65.61
406	1690.64	101.10	-4.87	8.87	65.61
407	1690.64	99.80	-4.63	9.10	65.60
408	1690.64	99.83	-3.67	9.17	65.59
409	1690.64	100.00	-3.77	9.13	65.58
410	1690.64	100.60	-3.90	8.93	65.60
411	1690.64	99.63	-4.57	8.80	65.61
412	1690.64	99.20	-2.73	8.77	65.62
413	1690.64	98.63	-2.67	8.90	65.61
414	1690.64	98.70	-2.47	9.40	65.59
415	1690.64	98.87	-4.33	9.43	65.58
416	1690.64	99.47	-4.43	9.33	65.59
417	1690.64	102.27	-5.17	8.90	65.61
418	1690.64	102.57	-5.03	8.70	65.61
419	1690.64	102.87	-4.23	8.70	65.60
420	1690.64	101.17	-5.10	8.80	65.59
421	1690.64	100.07	-4.63	8.93	65.59
422	1690.64	99.77	-5.37	8.87	65.59
423	1690.64	99.23	-3.83	8.60	65.60
424	1690.64	99.40	-4.60	8.50	65.61
425	1690.64	100.07	-5.73	8.57	65.61
426	1690.64	100.30	-5.77	8.73	65.60
427	1690.64	101.40	-5.27	8.80	65.59
428	1690.64	100.90	-3.30	8.77	65.59
429	1690.64	100.67	-3.53	8.63	65.60
430	1690.64	100.40	-3.70	8.53	65.61
431	1690.64	101.07	-4.73	8.53	65.61
432	1690.64	101.00	-4.33	8.73	65.61
433	1690.64	100.37	-4.37	8.87	65.57
434	1690.64	99.23	-3.73	8.83	65.56
435	1690.64	99.10	-3.87	8.70	65.57
436	1690.64	99.80	-6.27	8.60	65.60
437	1690.64	100.03	-6.97	8.57	65.61
438	1690.64	100.03	-7.30	8.53	65.61
439	1690.64	98.97	-5.10	8.57	65.61
440	1690.64	99.00	-4.37	8.63	65.60
441	1690.64	98.97	-3.60	8.37	65.60
442	1690.64	99.00	-3.60	8.63	65.59
443	1690.64	99.43	-4.27	8.60	65.60
444	1690.64	99.77	-4.87	8.83	65.60
445	1690.64	101.30	-5.10	8.60	65.61
446	1690.64	101.00	-8.47	8.57	65.61
447	1690.64	101.27	-8.53	8.67	65.61
448	1690.64	100.77	-8.00	8.43	65.60
449	1690.64	100.23	-4.13	8.50	65.59
450	1690.64	100.50	-3.87	8.47	65.59
451	1690.64	99.93	-4.20	8.67	65.59
452	1690.64	100.80	-4.43	8.63	65.60
453	1690.64	100.90	-4.73	8.57	65.60
454	1690.64	100.60	-4.87	8.47	65.61
455	1690.64	99.00	-4.93	8.43	65.61
456	1690.64	97.87	-4.47	8.43	65.61
457	1690.64	98.50	-4.17	8.53	65.61
458	1690.64	99.63	-3.90	8.57	65.60
459	1690.64	99.43	-4.00	8.57	65.60
460	1690.64	99.47	-4.90	8.53	65.59
461	1690.64	99.67	-4.97	8.47	65.60
462	1690.64	99.67	-5.33	8.43	65.61
463	1690.64	98.40	-4.50	8.23	65.61
464	1690.64	98.50	-5.07	8.23	65.61
465	1690.64	99.43	-5.00	8.23	65.61
466	1690.64	101.43	-4.93	8.43	65.60
467	1690.64	99.93	-4.20	8.40	65.59
468	1690.64	99.43	-3.63	8.23	65.60
469	1690.64	98.40	-3.37	8.17	65.60
470	1690.64	100.37	-3.87	8.17	65.61
471	1690.64	100.23	-4.43	8.23	65.61
472	1690.64	100.97	-4.83	8.17	65.62
473	1690.64	101.03	-4.77	8.33	65.63
474	1690.64	101.37	-4.47	8.37	65.63
475	1690.64	100.80	-3.87	8.50	65.62
476	1690.64	99.70	-3.77	8.30	65.60
477	1690.64	99.47	-3.37	8.30	65.59
478	1690.64	100.57	-3.93	8.23	65.59
479	1690.64	101.13	-3.87	7.87	65.62
480	1690.64	101.87	-4.60	7.83	65.63
481	1690.64	100.70	-4.37	7.77	65.63
482	1690.64	100.43	-4.57	8.17	65.60
483	1690.64	99.37	-4.40	8.20	65.60
484	1690.64	100.23	-4.37	8.37	65.59
485	1690.64	100.07	-4.30	8.33	65.58
486	1690.64	100.97	-4.33	8.37	65.58
487	1690.64	100.50	-4.23	8.20	65.59
488	1690.64	100.90	-4.37	8.13	65.60
489	1690.64	100.63	-4.40	8.07	65.61
490	1690.64	100.23	-4.70	8.07	65.61
491	1690.64	99.93	-5.87	8.20	65.60
492	1690.64	99.20	-5.63	8.23	65.59
493	1690.64	100.17	-5.43	8.10	65.58
494	1690.64	100.83	-4.00	8.07	65.57
495	1690.64	101.63	-3.87	8.00	65.58
496	1690.64	102.17	-4.40	8.13	65.59
497	1690.64	101.90	-4.57	7.97	65.61
498	1690.64	101.77	-4.93	7.87	65.61
499	1690.64	100.73	-4.90	7.87	65.60
500	1690.64	100.60	-4.57	7.87	65.59
501	1690.64	101.07	-4.80	7.97	65.58
502	1690.64	100.53	-4.30	7.87	65.57
503	1690.64	100.37	-4.67	7.83	65.58
504	1690.64	99.57	-4.60	7.80	65.59
505	1690.64	100.30	-5.17	7.87	65.59
506	1690.64	100.17	-5.27	7.97	65.60
507	1690.64	100.27	-6.13	7.90	65.61
508	1690.64	100.20	-5.73	7.93	65.61
509	1690.64	100.50	-5.67	8.00	65.58
510	1690.64	100.83	-4.30	8.13	65.58
511	1690.64	99.90	-4.20	8.03	65.59
512	1690.64	100.30	-4.10	7.93	65.60
513	1690.64	101.87	-4.53	7.83	65.60
514	1690.64	101.37	-5.37	8.07	65.60
515	1690.64	101.37	-5.43	7.97	65.61
516	1690.64	100.03	-5.47	8.03	65.60
517	1690.64	100.53	-3.57	7.83	65.60
518	1690.64	100.23	-3.20	7.93	65.58
519	1690.64	99.73	-2.93	7.83	65.58
520	1690.64	100.33	-4.07	7.83	65.59
521	1690.64	99.83	-4.43	7.80	65.59
522	1690.64	100.63	-4.60	7.60	65.60
523	1690.64	99.40	-4.97	7.50	65.60
524	1690.64	99.43	-4.83	7.43	65.61
525	1690.64	98.63	-5.03	7.63	65.61
526	1690.64	99.37	-4.43	7.67	65.61
527	1690.64	98.70	-4.03	7.67	65.60
528	1690.64	98.43	-3.50	7.63	65.59
529	1690.64	100.13	-3.77	7.70	65.58
530	1690.64	100.77	-4.23	7.60	65.58
531	1690.64	100.83	-4.87	8.30	65.59
532	1690.64	101.00	-5.30	8.23	65.60
533	1690.64	100.70	-6.07	8.23	65.61
534	1690.64	101.00	-5.07	7.50	65.60
535	1690.64	99.43	-3.33	7.47	65.59
536	1690.64	99.97	-2.47	7.63	65.58
537	1690.64	99.33	-1.47	7.63	65.58
538	1690.64	99.00	-2.83	7.57	65.58
539	1690.64	98.33	-3.00	7.17	65.60
540	1690.64	99.30	-4.97	7.17	65.61
541	1690.64	99.97	-4.87	7.27	65.61
542	1690.64	100.80	-4.70	7.53	65.61
543	1690.64	100.50	-4.50	7.63	65.60
544	1690.64	99.10	-4.47	7.47	65.60
545	1690.64	99.80	-4.23	7.60	65.59
546	1690.64	99.43	-4.13	7.47	65.59
547	1690.64	99.83	-4.33	7.50	65.60
548	1690.64	99.97	-4.77	7.37	65.64
549	1690.64	101.07	-4.87	7.47	65.64
550	1690.64	101.73	-4.67	7.53	65.63
551	1690.64	100.97	-4.40	7.70	65.59
552	1690.64	100.53	-4.30	7.67	65.58
553	1690.64	100.53	-4.53	7.67	65.58
554	1690.64	100.43	-4.87	7.47	65.60
555	1690.64	100.30	-4.80	7.37	65.61
556	1690.64	100.23	-4.67	7.33	65.61
557	1690.64	100.43	-4.17	7.40	65.59
558	1690.64	101.00	-4.00	7.47	65.59
559	1690.64	100.57	-3.77	7.47	65.61
560	1690.64	100.40	-4.07	7.37	65.62
561	1690.64	99.87	-4.50	7.30	65.62
562	1690.64	100.60	-4.70	7.23	65.60
563	1690.64	100.77	-4.63	7.27	65.60
564	1690.64	101.40	-4.27	7.43	65.60
565	1690.64	101.50	-4.20	7.50	65.56
566	1690.64	100.77	-4.60	7.57	65.54
567	1690.64	100.07	-4.17	7.43	65.53
568	1690.64	99.77	-5.23	7.33	65.57
569	1690.64	99.50	-5.17	7.20	65.59
570	1690.64	99.53	-5.83	7.07	65.60
571	1690.64	100.60	-4.90	7.17	65.60
572	1690.64	101.73	-4.90	7.30	65.60
573	1690.64	102.57	-4.83	7.40	65.59
574	1690.64	100.43	-4.97	7.33	65.58
575	1690.64	99.93	-4.70	7.23	65.59
576	1690.64	99.70	-5.03	7.17	65.60
577	1690.64	100.90	-5.10	7.10	65.61
578	1690.64	100.87	-4.30	7.07	65.60
579	1690.64	99.73	-3.87	7.10	65.59
580	1690.64	99.47	-5.13	7.13	65.58
581	1690.64	99.77	-5.53	7.13	65.58
582	1690.64	100.00	-5.63	7.10	65.58
583	1690.64	99.50	-2.07	7.03	65.59
584	1690.64	99.30	-2.63	6.93	65.61
585	1690.64	99.60	-3.37	6.90	65.61
586	1690.64	100.07	-5.57	7.00	65.60
587	1690.64	100.43	-4.80	7.17	65.59
588	1690.64	98.87	-3.97	7.23	65.58
589	1690.64	99.37	-3.60	7.13	65.58
590	1690.64	98.90	-4.30	7.10	65.61
591	1690.64	100.90	-3.50	7.03	65.61
592	1690.64	100.73	-3.73	7.07	65.63
593	1690.64	100.80	-3.93	7.03	65.61
594	1690.64	99.87	-4.87	7.20	65.61
595	1690.64	99.37	-4.43	7.20	65.61
596	1690.64	99.17	-6.00	7.20	65.60
597	1690.64	99.23	-8.90	7.10	65.59
598	1690.64	100.10	-10.93	7.17	65.58
599	1690.64	100.43	-9.27	7.13	65.58
600	1690.64	101.07	-6.93	7.03	65.59
601	1690.64	101.33	-5.73	6.97	65.60
602	1690.64	100.97	-5.47	7.03	65.60
603	1690.64	100.53	-4.93	7.23	65.59
604	1690.64	99.60	-6.27	7.23	65.57
605	1690.64	99.33	-4.70	7.17	65.57
606	1690.64	99.57	-4.63	7.00	65.57
607	1690.64	99.57	-3.17	6.83	65.59
608	1690.64	100.30	-4.83	6.83	65.60
609	1690.64	99.97	-4.70	6.67	65.61
610	1690.64	100.33	-4.50	6.87	65.61
611	1690.64	99.87	-5.67	6.90	65.60
612	1690.64	100.53	-5.37	7.07	65.58
613	1690.64	100.47	-5.37	6.97	65.58
614	1690.64	101.27	-4.50	6.97	65.59
615	1690.64	100.63	-5.13	7.10	65.61
616	1690.64	100.43	-5.23	7.17	65.61
617	1690.64	100.20	-5.23	7.20	65.60
618	1690.64	100.53	-5.03	7.10	65.58
619	1690.64	100.70	-5.37	7.07	65.58
620	1690.64	100.57	-4.33	6.93	65.57
621	1690.64	100.47	-3.97	7.17	65.58
622	1690.64	100.40	-3.60	7.03	65.60
623	1690.64	100.03	-4.70	7.00	65.60
624	1690.64	100.57	-5.10	6.67	65.61
625	1690.64	100.83	-3.93	6.83	65.59
626	1690.64	100.33	-3.20	6.97	65.59
627	1690.64	99.73	-3.00	7.00	65.57
628	1690.64	99.33	-3.93	6.93	65.57
629	1690.64	99.80	-4.40	6.80	65.57
630	1690.64	99.83	-4.63	6.70	65.59
631	1690.64	100.13	-4.77	6.70	65.60
632	1690.64	99.63	-4.37	6.77	65.60
633	1690.64	99.60	-3.73	6.77	65.59
634	1690.64	99.03	-3.40	6.73	65.58
635	1690.64	99.93	-3.57	6.77	65.62
636	1690.64	100.00	-4.27	6.90	65.62
637	1690.64	100.83	-4.57	7.00	65.60
638	1690.64	101.43	-4.97	6.93	65.56
639	1690.64	101.53	-4.90	6.83	65.57
640	1690.64	100.77	-4.80	6.73	65.56
641	1690.64	100.37	-4.43	6.70	65.56
642	1690.64	100.87	-3.87	6.83	65.55
643	1690.64	101.27	-3.83	7.07	65.57
644	1690.64	101.23	-3.73	7.23	65.55
645	1690.64	100.60	-4.13	7.13	65.56
646	1690.64	100.93	-4.60	6.90	65.57
647	1690.64	100.60	-5.40	6.77	65.60
648	1690.64	100.50	-5.57	6.70	65.59
649	1690.64	100.93	-5.30	6.73	65.60
650	1690.64	101.80	-4.67	7.03	65.59
651	1690.64	102.73	-5.00	7.13	65.58
652	1690.64	101.30	-4.57	7.07	65.57
653	1690.64	100.10	-6.07	6.83	65.57
654	1690.64	100.00	-5.77	6.77	65.57
655	1690.64	101.13	-6.37	6.80	65.59
656	1690.64	101.13	-4.87	7.00	65.59
657	1690.64	100.33	-4.90	6.93	65.59
658	1690.64	98.80	-4.80	7.00	65.59
659	1690.64	99.27	-4.57	7.00	65.58
660	1690.64	99.33	-4.33	7.23	65.60
661	1690.64	100.50	-4.07	7.17	65.58
662	1690.64	101.17	-4.10	6.80	65.59
663	1690.64	101.77	-4.13	6.60	65.57
664	1690.64	101.43	-4.60	6.53	65.59
665	1690.64	100.77	-4.67	6.60	65.59
666	1690.64	100.47	-4.80	6.73	65.58
667	1690.64	100.63	-4.43	6.83	65.57
668	1690.64	100.53	-2.33	6.77	65.57
669	1690.64	99.30	-1.97	6.63	65.58
670	1690.64	99.30	-1.47	6.53	65.59
671	1690.64	99.37	-4.00	6.60	65.60
672	1690.64	99.60	-4.87	6.57	65.59
673	1690.64	100.83	-5.03	6.63	65.58
674	1690.64	100.27	-4.60	6.57	65.57
675	1690.64	101.23	-4.07	6.60	65.57
676	1690.64	99.80	-4.47	6.53	65.58
677	1690.64	100.67	-5.00	6.47	65.58
678	1690.64	100.60	-5.07	6.40	65.60
679	1690.64	100.83	-4.90	6.33	65.60
680	1690.64	101.23	-4.67	6.43	65.59
681	1690.64	100.33	-4.07	6.47	65.57
682	1690.64	100.03	-3.90	6.40	65.55
683	1690.64	99.27	-3.33	6.40	65.55
684	1690.64	100.53	-3.93	6.43	65.56
685	1690.64	101.60	-4.40	6.53	65.59
686	1690.64	102.33	-4.90	6.47	65.59
687	1690.64	101.83	-3.37	6.37	65.59
688	1690.64	100.73	-3.40	6.37	65.59
689	1690.64	99.90	-3.13	6.40	65.59
690	1690.64	100.10	-3.43	6.47	65.59
691	1690.64	100.40	-3.23	6.50	65.57
692	1690.64	100.77	-3.03	6.57	65.57
693	1690.64	100.63	-4.13	6.50	65.57
694	1690.64	100.20	-4.20	6.47	65.58
695	1690.64	99.67	-4.63	6.37	65.59
696	1690.64	100.27	-4.80	6.43	65.58
697	1690.64	100.73	-4.03	6.47	65.59
698	1690.64	101.37	-4.23	6.43	65.59
699	1690.64	101.10	-4.33	6.43	65.59
700	1690.64	100.97	-4.87	6.37	65.59
701	1690.64	100.70	-4.47	6.37	65.58
702	1690.64	100.53	-4.23	6.47	65.57
703	1690.64	101.43	-3.43	6.57	65.56
704	1690.64	101.40	-3.67	6.57	65.57
705	1690.64	100.73	-3.77	6.37	65.57
706	1690.64	99.97	-5.13	6.23	65.58
707	1690.64	99.97	-5.30	6.23	65.58
708	1690.64	101.27	-6.40	6.27	65.59
709	1690.64	101.17	-6.00	6.23	65.60
710	1690.64	101.17	-5.87	6.17	65.60
711	1690.64	100.50	-4.60	6.20	65.60
712	1690.64	100.07	-4.63	6.23	65.59
713	1690.64	99.90	-4.63	6.20	65.59
714	1690.64	98.87	-4.67	6.07	65.57
715	1690.64	99.27	-4.70	5.97	65.57
716	1690.64	99.77	-4.43	6.03	65.56
717	1690.64	100.50	-4.43	6.07	65.57
718	1690.64	100.13	-4.27	6.07	65.58
719	1690.64	99.83	-5.13	6.03	65.59
720	1690.64	99.57	-5.23	6.00	65.60
721	1690.64	99.37	-5.27	6.10	65.60
722	1690.64	98.77	-4.23	6.10	65.59
723	1690.64	99.80	-4.07	6.33	65.58
724	1690.64	102.10	-3.97	6.43	65.57
725	1690.64	102.70	-4.23	6.83	65.57
726	1690.64	101.20	-4.03	7.03	65.57
727	1690.64	99.87	-4.47	6.97	65.58
728	1690.64	100.73	-4.80	6.57	65.58
729	1690.64	101.47	-5.03	6.03	65.58
730	1690.64	102.07	-4.90	5.93	65.58
731	1690.64	100.93	-4.63	5.93	65.60
732	1690.64	101.30	-5.10	6.10	65.58
733	1690.64	100.17	-4.70	6.07	65.58
734	1690.64	100.50	-3.83	6.03	65.57
735	1690.64	99.77	-3.43	5.97	65.58
736	1690.64	100.50	-3.87	5.93	65.59
737	1690.64	100.33	-4.63	5.87	65.60
738	1690.64	101.03	-5.23	5.90	65.60
739	1690.64	100.70	-5.03	5.97	65.58
740	1690.64	100.57	-4.40	5.93	65.60
741	1690.64	100.47	-4.07	5.97	65.59
742	1690.64	100.20	-4.10	6.00	65.59
743	1690.64	100.20	-4.67	6.10	65.57
744	1690.64	99.23	-4.47	5.87	65.58
745	1690.64	99.40	-4.67	5.77	65.59
746	1690.64	100.57	-5.10	5.67	65.59
747	1690.64	101.83	-5.00	5.83	65.59
748	1690.64	101.10	-4.60	5.80	65.58
749	1690.64	100.60	-4.03	5.93	65.56
750	1690.64	100.00	-4.43	5.97	65.56
751	1690.64	100.07	-4.83	6.00	65.56
752	1690.64	100.73	-5.03	5.87	65.58
753	1690.64	101.33	-4.83	5.80	65.59
754	1690.64	102.43	-4.80	5.83	65.59
755	1690.64	100.93	-5.03	5.93	65.59
756	1690.64	100.63	-4.87	6.03	65.58
757	1690.64	100.03	-4.13	6.07	65.58
758	1690.64	100.00	-3.97	6.07	65.57
759	1690.64	99.90	-3.73	6.07	65.58
760	1690.64	100.03	-4.77	5.80	65.59
761	1690.64	100.87	-5.00	5.67	65.58
762	1690.64	100.43	-5.37	5.50	65.59
763	1690.64	100.27	-5.23	5.80	65.58
764	1690.64	98.93	-3.93	5.93	65.58
765	1690.64	98.47	-2.83	6.00	65.57
766	1690.64	98.93	-2.30	5.90	65.56
767	1690.64	99.67	-3.57	5.83	65.56
768	1690.64	100.57	-3.80	5.70	65.57
769	1690.64	99.83	-4.80	5.67	65.58
770	1690.64	100.30	-4.67	5.63	65.59
771	1690.64	100.60	-5.13	5.77	65.59
772	1690.64	101.50	-4.27	5.83	65.58
773	1690.64	100.57	-1.40	5.87	65.57
774	1690.64	100.03	-1.67	5.83	65.56
775	1690.64	98.80	-2.67	5.77	65.56
776	1690.64	100.33	-5.63	5.77	65.57
777	1690.64	100.63	-6.03	5.77	65.59
778	1690.64	101.67	-5.23	5.80	65.60
779	1690.64	100.60	-4.90	5.53	65.57
780	1690.64	98.43	-3.93	5.53	65.56
781	1690.64	97.40	-3.37	5.53	65.55
782	1690.64	97.80	-3.60	5.93	65.55
783	1690.64	99.90	-3.93	5.93	65.55
784	1690.64	100.40	-4.37	5.80	65.58
785	1690.64	99.90	-4.73	5.47	65.60
786	1690.64	99.73	-5.13	5.40	65.60
787	1690.64	99.80	-5.27	5.53	65.57
788	1690.64	99.57	-4.53	5.80	65.56
789	1690.64	99.37	-3.87	5.97	65.56
790	1690.64	99.73	-3.80	5.77	65.57
791	1690.64	99.93	-3.93	5.60	65.57
792	1690.64	99.73	-4.27	5.37	65.58
793	1690.64	99.90	-4.40	5.40	65.59
794	1690.64	100.83	-4.50	5.40	65.59
795	1690.64	101.23	-4.37	5.47	65.58
796	1690.64	101.17	-3.93	5.50	65.57
797	1690.64	100.40	-3.70	5.50	65.56
798	1690.64	100.60	-3.80	5.37	65.57
799	1690.64	101.03	-3.70	5.37	65.58
800	1690.64	101.03	-4.03	5.33	65.59
801	1690.64	100.53	-5.23	5.40	65.59
802	1690.64	99.87	-5.23	5.53	65.58
803	1690.64	98.83	-6.20	5.57	65.57
804	1690.64	99.10	-4.87	5.53	65.57
805	1690.64	98.90	-5.40	5.40	65.57
806	1690.64	101.43	-4.77	5.43	65.58
807	1690.64	102.00	-5.20	5.43	65.59
808	1690.64	101.83	-5.20	5.43	65.59
809	1690.64	100.90	-4.73	5.43	65.57
810	1690.64	100.37	-4.53	5.33	65.56
811	1690.64	101.00	-4.43	5.37	65.57
812	1690.64	100.70	-4.90	5.30	65.58
813	1690.64	100.73	-5.00	5.17	65.56
814	1690.64	99.77	-4.80	4.90	65.58
815	1690.64	99.40	-4.10	5.07	65.57
816	1690.64	99.50	-4.00	5.33	65.60
817	1690.64	100.07	-4.43	5.57	65.57
818	1690.64	99.83	-4.40	5.23	65.58
819	1690.64	100.27	-4.43	5.27	65.59
820	1690.64	100.10	-3.63	5.23	65.59
821	1690.64	100.20	-3.73	5.50	65.58
822	1690.64	101.10	-3.70	5.50	65.56
823	1690.64	101.33	-4.50	5.50	65.55
824	1690.64	101.73	-5.03	5.37	65.56
825	1690.64	101.00	-4.90	5.23	65.58
826	1690.64	101.63	-4.37	5.30	65.58
827	1690.64	101.27	-3.80	5.27	65.57
828	1690.64	100.43	-4.07	5.27	65.58
829	1690.64	99.53	-6.00	5.20	65.59
830	1690.64	100.20	-6.27	5.23	65.59
831	1690.64	100.70	-6.27	5.33	65.59
832	1690.64	100.97	-4.60	5.47	65.55
833	1690.64	100.87	-3.30	5.47	65.55
834	1690.64	100.93	-3.50	5.37	65.55
835	1690.64	101.10	-3.77	5.20	65.58
836	1690.64	101.60	-5.03	5.50	65.61
837	1690.64	100.80	-4.63	5.53	65.61
838	1690.64	100.73	-4.10	5.50	65.61
839	1690.64	100.50	-4.47	5.17	65.58
840	1690.64	100.97	-4.60	5.17	65.58
841	1690.64	100.93	-4.70	5.23	65.57
842	1690.64	99.53	-4.10	5.23	65.57
843	1690.64	98.93	-4.50	5.23	65.57
844	1690.64	98.57	-4.57	4.87	65.58
845	1690.64	99.73	-4.73	4.83	65.58
846	1690.64	100.10	-4.47	4.90	65.58
847	1690.64	100.30	-4.27	5.10	65.57
848	1690.64	100.03	-4.17	5.03	65.56
849	1690.64	99.60	-4.30	4.87	65.58
850	1690.64	100.17	-3.93	5.00	65.58
851	1690.64	99.73	-4.50	5.10	65.58
852	1690.64	100.37	-4.17	5.23	65.57
853	1690.64	99.77	-4.80	5.13	65.59
854	1690.64	99.20	-4.30	4.97	65.60
855	1690.64	98.70	-4.47	4.93	65.61
856	1690.64	98.67	-4.13	4.97	65.58
857	1690.64	99.83	-4.27	5.10	65.57
858	1690.64	100.23	-4.30	5.10	65.55
859	1690.64	100.77	-5.50	5.07	65.56
860	1690.64	100.93	-5.73	5.07	65.56
861	1690.64	100.33	-5.10	5.00	65.58
862	1690.64	100.00	-4.03	5.07	65.57
863	1690.64	99.90	-4.03	5.00	65.57
864	1690.64	100.60	-4.63	4.97	65.54
865	1690.64	100.37	-5.00	4.87	65.57
866	1690.64	100.37	-4.77	4.80	65.56
867	1690.64	100.37	-4.37	4.83	65.59
868	1690.64	100.90	-4.20	4.90	65.56
869	1690.64	100.63	-4.13	5.03	65.58
870	1690.64	100.63	-4.40	5.00	65.58
871	1690.64	100.77	-3.90	4.90	65.58
872	1690.64	101.53	-3.97	5.07	65.56
873	1690.64	100.93	-3.80	4.93	65.57
874	1690.64	99.97	-4.73	4.90	65.57
875	1690.64	99.40	-5.43	4.70	65.58
876	1690.64	99.43	-5.37	4.83	65.57
877	1690.64	99.57	-4.03	4.93	65.57
878	1690.64	98.17	-3.17	4.83	65.57
879	1690.64	97.80	-3.53	4.90	65.57
880	1690.64	97.53	-4.40	4.87	65.58
881	1690.64	98.57	-4.60	4.90	65.58
882	1690.64	99.03	-4.07	4.87	65.58
883	1690.64	98.77	-3.83	5.07	65.57
884	1690.64	98.67	-3.53	5.13	65.56
885	1690.64	99.27	-4.67	5.10	65.57
886	1690.64	99.93	-5.37	4.93	65.58
887	1690.64	100.30	-5.37	4.90	65.58
888	1690.64	100.40	-4.33	4.97	65.57
889	1690.64	100.37	-3.83	5.07	65.59
890	1690.64	100.93	-4.17	5.07	65.57
891	1690.64	101.50	-4.90	4.97	65.58
892	1690.64	101.83	-4.87	4.97	65.55
893	1690.64	100.80	-5.07	5.03	65.57
894	1690.64	99.07	-4.27	5.17	65.56
895	1690.64	98.93	-4.93	5.13	65.57
896	1690.64	98.10	-4.93	5.07	65.57
897	1690.64	98.90	-4.20	4.87	65.58
898	1690.64	98.83	-4.33	4.83	65.59
899	1690.64	99.93	-3.93	4.83	65.59
900	1690.64	100.10	-4.80	4.97	65.57
901	1690.64	100.50	-3.73	4.97	65.57
902	1690.64	100.40	-3.93	5.00	65.56
903	1690.64	99.40	-3.93	4.90	65.57
904	1690.64	99.33	-4.10	4.83	65.59
905	1690.64	99.73	-3.37	4.80	65.59
906	1690.64	100.43	-4.27	4.80	65.58
907	1690.64	101.30	-4.27	4.87	65.57
908	1690.64	100.83	-4.63	4.93	65.57
909	1690.64	101.63	-3.83	5.07	65.57
910	1690.64	100.37	-4.03	5.00	65.55
911	1690.64	100.53	-4.77	4.90	65.55
912	1690.64	100.67	-5.13	4.77	65.56
913	1690.64	100.50	-5.07	4.73	65.59
914	1690.64	100.47	-4.60	4.73	65.59
915	1690.64	99.90	-4.63	4.83	65.57
916	1690.64	100.17	-4.33	4.90	65.56
917	1690.64	100.50	-3.63	4.97	65.56
918	1690.64	100.60	-3.43	4.83	65.57
919	1690.64	100.50	-3.97	4.77	65.58
920	1690.64	100.07	-4.67	4.63	65.58
921	1690.64	99.10	-4.60	4.67	65.58
922	1690.64	99.87	-2.70	4.80	65.56
923	1690.64	99.97	-2.43	4.83	65.55
924	1690.64	100.27	-2.50	4.73	65.55
925	1690.64	99.40	-4.43	4.60	65.57
926	1690.64	99.80	-4.70	4.57	65.58
927	1690.64	99.93	-4.60	4.70	65.59
928	1690.64	100.07	-4.10	4.73	65.58
929	1690.64	99.53	-4.07	4.80	65.58
930	1690.64	99.73	-3.93	4.83	65.58
931	1690.64	99.20	-4.13	4.73	65.59
932	1690.64	99.70	-4.23	4.70	65.58
933	1690.64	100.87	-4.53	4.60	65.59
934	1690.64	100.73	-2.37	4.60	65.59
935	1690.64	99.40	-2.00	4.63	65.58
936	1690.64	98.40	-1.83	4.70	65.57
937	1690.64	99.00	-2.97	4.83	65.56
938	1690.64	99.97	-3.30	4.77	65.56
939	1690.64	99.00	-3.33	4.50	65.59
940	1690.64	99.27	-4.87	4.43	65.60
941	1690.64	100.43	-4.97	4.43	65.61
942	1690.64	101.33	-4.63	4.70	65.59
943	1690.64	101.73	-4.17	4.80	65.58
944	1690.64	100.47	-3.70	4.93	65.58
945	1690.64	100.33	-3.97	4.87	65.57
946	1690.64	99.83	-3.97	4.67	65.58
947	1690.64	100.37	-4.60	4.43	65.56
948	1690.64	100.43	-4.93	4.37	65.57
949	1690.64	100.57	-4.97	4.37	65.56
950	1690.64	100.33	-4.40	4.40	65.58
951	1690.64	100.90	-4.00	4.50	65.57
952	1690.64	101.10	-3.30	4.60	65.56
953	1690.64	101.20	-3.53	4.70	65.57
954	1690.64	100.80	-3.90	4.63	65.58
955	1690.64	100.80	-4.57	4.53	65.59
956	1690.64	100.17	-4.87	4.33	65.59
957	1690.64	99.63	-4.63	4.33	65.59
958	1690.64	99.13	-4.27	4.47	65.58
959	1690.64	98.70	-3.77	4.83	65.57
960	1690.64	99.00	-3.63	4.90	65.56
961	1690.64	99.63	-3.73	4.87	65.56
962	1690.64	100.83	-4.17	4.57	65.57
963	1690.64	101.97	-4.63	4.37	65.58
964	1690.64	101.73	-4.10	4.27	65.58
965	1690.64	101.57	-1.63	4.40	65.58
966	1690.64	99.87	-1.43	4.57	65.57
967	1690.64	98.77	-2.10	4.67	65.58
968	1690.64	99.00	-3.63	4.67	65.57
969	1690.64	99.60	-3.30	4.60	65.57
970	1690.64	100.20	-3.67	4.57	65.57
971	1690.64	99.50	-4.60	4.37	65.59
972	1690.64	99.63	-4.73	4.33	65.56
973	1690.64	100.00	-6.33	4.33	65.56
974	1690.64	100.50	-6.20	4.60	65.55
975	1690.64	101.13	-6.03	4.63	65.56
976	1690.64	101.37	-4.37	4.63	65.56
977	1690.64	101.60	-4.40	4.57	65.57
978	1690.64	100.33	-4.93	4.90	65.58
979	1690.64	99.63	-4.87	4.83	65.61
980	1690.64	100.23	-4.83	4.67	65.61
981	1690.64	100.73	-4.53	4.40	65.61
982	1690.64	100.83	-4.13	4.43	65.57
983	1690.64	99.03	-3.87	4.57	65.57
984	1690.64	99.50	-4.37	4.60	65.56
985	1690.64	100.40	-4.50	4.67	65.56
986	1690.64	101.93	-4.93	4.60	65.57
987	1690.64	101.20	-4.57	4.53	65.58
988	1690.64	100.73	-4.90	4.43	65.58
989	1690.64	99.37	-4.33	4.30	65.56
990	1690.64	98.80	-4.43	4.37	65.54
991	1690.64	98.57	-4.27	4.40	65.54
992	1690.64	98.83	-4.70	4.50	65.53
993	1690.64	99.33	-4.50	4.30	65.56
994	1690.64	99.23	-4.87	4.30	65.56
995	1690.64	99.43	-4.77	4.37	65.59
996	1690.64	99.77	-4.70	4.53	65.59
997	1690.64	100.07	-4.07	4.57	65.57
998	1690.64	100.60	-4.17	4.53	65.56
999	1690.64	100.70	-4.00	4.37	65.57
1000	1690.64	100.23	-3.97	4.30	65.59
1001	1690.64	99.63	-4.60	4.30	65.60
1002	1690.64	98.83	-5.30	4.40	65.59
1003	1690.64	99.77	-5.40	4.40	65.58
1004	1690.64	99.70	-4.30	4.50	65.56
1005	1690.64	100.63	-3.77	4.50	65.55
1006	1690.64	99.87	-4.23	4.50	65.56
1007	1690.64	99.57	-4.57	4.33	65.58
1008	1690.64	99.37	-3.63	4.27	65.59
1009	1690.64	99.57	-3.70	4.23	65.58
1010	1690.64	100.00	-2.50	4.33	65.57
1011	1690.64	101.00	-3.10	4.47	65.52
1012	1690.64	100.50	-2.77	4.50	65.52
1013	1690.64	101.10	-4.00	4.53	65.53
1014	1690.64	100.70	-4.63	4.40	65.57
1015	1690.64	99.97	-4.73	4.37	65.58
1016	1690.64	99.47	-4.87	4.37	65.57
1017	1690.64	98.67	-4.70	4.47	65.57
1018	1690.64	98.67	-4.33	4.53	65.57
1019	1690.64	98.40	-4.03	4.30	65.55
1020	1690.64	98.27	-4.17	4.23	65.55
1021	1690.64	99.33	-4.80	4.10	65.55
1022	1690.64	100.40	-5.30	4.20	65.59
1023	1690.64	100.70	-2.27	4.23	65.59
1024	1690.64	101.53	-1.70	4.30	65.58
1025	1690.64	101.10	-1.90	4.37	65.56
1026	1690.64	101.33	-6.43	4.40	65.56
1027	1690.64	100.83	-6.87	4.47	65.57
1028	1690.64	100.03	-5.87	4.30	65.58
1029	1690.64	100.27	-4.47	4.27	65.58
1030	1690.64	100.20	-4.10	4.20	65.57
1031	1690.64	99.97	-4.03	4.60	65.56
1032	1690.64	100.00	-3.77	4.50	65.55
1033	1690.64	99.80	-3.80	4.43	65.56
1034	1690.64	100.73	-5.00	4.10	65.56
1035	1690.64	100.47	-4.57	4.17	65.57
1036	1690.64	99.97	-5.70	4.17	65.58
1037	1690.64	99.23	-3.07	4.23	65.57
1038	1690.64	99.10	-3.13	4.17	65.57
1039	1690.64	99.47	-2.17	4.10	65.56
1040	1690.64	100.43	-4.60	4.13	65.56
1041	1690.64	100.37	-4.90	4.07	65.57
1042	1690.64	100.43	-3.57	4.07	65.57
1043	1690.64	99.00	-3.00	3.97	65.58
1044	1690.64	99.03	-3.00	4.17	65.57
1045	1690.64	99.70	-4.07	4.30	65.56
1046	1690.64	100.30	-4.57	4.33	65.57
1047	1690.64	99.57	-4.87	4.23	65.58
1048	1690.64	99.60	-5.17	4.23	65.58
1049	1690.64	99.57	-4.83	4.20	65.56
1050	1690.64	100.00	-5.10	4.30	65.55
1051	1690.64	98.80	-5.17	4.37	65.54
1052	1690.64	99.43	-4.93	4.40	65.56
1053	1690.64	99.57	-4.83	4.30	65.57
1054	1690.64	99.17	-5.53	4.20	65.59
1055	1690.64	99.17	-6.10	3.97	65.59
1056	1690.64	99.53	-5.83	4.03	65.58
1057	1690.64	100.80	-5.07	4.10	65.57
1058	1690.64	100.17	-4.20	4.37	65.56
1059	1690.64	99.97	-3.73	4.37	65.56
1060	1690.64	99.43	-3.80	4.27	65.56
1061	1690.64	100.17	-4.50	4.17	65.58
1062	1690.64	101.23	-4.77	4.07	65.58
1063	1690.64	101.93	-4.60	4.07	65.58
1064	1690.64	100.90	-4.33	4.17	65.56
1065	1690.64	100.03	-3.73	4.17	65.56
1066	1690.64	100.03	-4.30	4.23	65.56
1067	1690.64	101.10	-4.47	4.17	65.58
1068	1690.64	100.20	-5.40	4.17	65.58
1069	1690.64	100.03	-4.70	4.13	65.58
1070	1690.64	99.63	-3.67	4.20	65.56
1071	1690.64	99.40	-3.33	4.20	65.56
1072	1690.64	99.63	-3.50	3.93	65.56
1073	1690.64	100.00	-3.20	3.77	65.58
1074	1690.64	101.20	-3.30	3.77	65.58
1075	1690.64	100.57	-3.13	4.10	65.58
1076	1690.64	100.10	-4.20	4.13	65.57
1077	1690.64	99.47	-4.70	4.13	65.57
1078	1690.64	100.10	-5.17	4.00	65.57
1079	1690.64	100.40	-5.47	4.10	65.58
1080	1690.64	100.73	-4.97	4.13	65.57
1081	1690.64	99.80	-4.23	4.17	65.56
1082	1690.64	99.30	-4.27	4.07	65.56
1083	1690.64	98.63	-4.00	3.90	65.58
1084	1690.64	99.33	-4.37	3.87	65.59
1085	1690.64	99.83	-3.13	4.00	65.58
1086	1690.64	99.87	-4.50	4.13	65.57
1087	1690.64	99.83	-4.70	4.07	65.56
1088	1690.64	100.03	-5.83	3.93	65.57
1089	1690.64	101.17	-4.77	3.83	65.58
1090	1690.64	100.97	-4.70	3.97	65.58
1091	1690.64	101.37	-4.50	4.07	65.56
1092	1690.64	101.07	-4.57	4.17	65.56
1093	1690.64	101.30	-4.47	4.03	65.58
1094	1690.64	100.87	-4.53	3.93	65.57
1095	1690.64	100.50	-4.17	4.10	65.57
1096	1690.64	100.43	-4.03	4.07	65.57
1097	1690.64	100.20	-4.13	4.07	65.59
1098	1690.64	99.73	-4.40	3.90	65.60
1099	1690.64	99.50	-4.80	4.17	65.57
1100	1690.64	98.87	-4.57	4.27	65.57
1101	1690.64	99.33	-4.17	4.30	65.58
1102	1690.64	98.77	-3.77	4.23	65.58
1103	1690.64	99.50	-4.20	4.13	65.59
1104	1690.64	99.37	-4.47	4.27	65.57
1105	1690.64	100.17	-4.67	4.20	65.58
1106	1690.64	100.73	-4.07	4.30	65.57
1107	1690.64	101.43	-4.07	4.13	65.56
1108	1690.64	100.80	-3.90	4.07	65.56
1109	1690.64	100.40	-4.30	3.93	65.56
1110	1690.64	99.37	-4.30	3.80	65.57
1111	1690.64	100.27	-4.33	3.80	65.59
1112	1690.64	100.57	-4.30	3.93	65.61
1113	1690.64	100.77	-4.57	4.00	65.61
1114	1690.64	100.77	-3.80	4.03	65.58
1115	1690.64	100.30	-5.93	3.90	65.57
1116	1690.64	99.67	-5.53	3.97	65.56
1117	1690.64	100.20	-6.60	4.17	65.55
1118	1690.64	100.13	-4.27	4.30	65.55
1119	1690.64	100.13	-4.50	4.17	65.56
1120	1690.64	99.33	-4.33	3.90	65.57
1121	1690.64	99.13	-4.13	3.80	65.58
1122	1690.64	101.33	-3.77	3.97	65.56
1123	1690.64	102.47	-3.53	4.03	65.55
1124	1690.64	102.37	-4.17	3.97	65.56
1125	1690.64	100.53	-4.67	3.87	65.57
1126	1690.64	98.93	-4.73	3.90	65.57
1127	1690.64	98.37	-4.37	4.00	65.56
1128	1690.64	99.20	-3.97	4.03	65.54
1129	1690.64	99.87	-4.37	4.00	65.56
1130	1690.64	101.27	-4.60	3.93	65.57
1131	1690.64	100.57	-3.17	3.93	65.59
1132	1690.64	100.20	-3.13	3.93	65.56
1133	1690.64	99.90	-3.00	3.97	65.56
1134	1690.64	100.97	-4.90	3.90	65.56
1135	1690.64	101.00	-4.93	3.87	65.58
1136	1690.64	100.63	-5.10	3.60	65.56
1137	1690.64	100.43	-4.97	3.80	65.53
1138	1690.64	100.57	-2.33	3.80	65.52
1139	1690.64	101.27	-2.10	3.67	65.55
1140	1690.64	101.13	-2.40	3.50	65.57
1141	1690.64	100.67	-4.67	3.50	65.58
1142	1690.64	100.27	-4.37	3.90	65.57
1143	1690.64	99.60	-4.23	3.80	65.57
1144	1690.64	100.37	-4.53	3.77	65.56
1145	1690.64	100.03	-5.10	3.67	65.56
1146	1690.64	99.57	-4.70	3.67	65.57
1147	1690.64	99.83	-4.67	3.77	65.56
1148	1690.64	100.30	-4.73	4.03	65.54
1149	1690.64	101.70	-4.77	4.00	65.54
1150	1690.64	101.60	-4.57	3.77	65.56
1151	1690.64	101.47	-4.23	3.63	65.57
1152	1690.64	100.60	-4.07	3.73	65.57
1153	1690.64	100.23	-4.07	3.70	65.57
1154	1690.64	100.17	-4.17	3.60	65.58
1155	1690.64	100.47	-4.53	3.53	65.58
1156	1690.64	100.00	-4.50	3.70	65.58
1157	1690.64	99.77	-4.60	3.70	65.56
1158	1690.64	100.30	-4.43	3.63	65.56
1159	1690.64	101.60	-4.90	3.63	65.56
1160	1690.64	101.63	-5.07	3.67	65.56
1161	1690.64	102.00	-5.07	3.77	65.55
1162	1690.64	100.53	-4.23	3.73	65.55
1163	1690.64	100.83	-5.20	3.73	65.56
1164	1690.64	99.53	-5.47	3.67	65.57
1165	1690.64	100.00	-5.73	3.60	65.57
1166	1690.64	99.37	-2.50	3.53	65.57
1167	1690.64	100.67	-1.97	3.67	65.56
1168	1690.64	100.17	-2.00	3.77	65.55
1169	1690.64	100.40	-3.83	3.73	65.56
1170	1690.64	99.73	-4.20	3.57	65.57
1171	1690.64	100.70	-4.33	3.63	65.58
1172	1690.64	101.17	-4.20	3.30	65.57
1173	1690.64	101.07	-3.57	3.43	65.57
1174	1690.64	100.67	-3.77	3.30	65.56
1175	1690.64	99.73	-4.33	3.60	65.57
1176	1690.64	100.17	-4.20	3.57	65.57
1177	1690.64	99.93	-3.87	3.60	65.57
1178	1690.64	100.63	-3.50	3.77	65.56
1179	1690.64	100.57	-4.27	3.73	65.56
1180	1690.64	100.90	-3.67	3.60	65.56
1181	1690.64	101.70	-3.97	3.43	65.57
1182	1690.64	100.50	-4.03	3.27	65.55
1183	1690.64	100.33	-4.53	3.37	65.55
1184	1690.64	99.60	-5.70	3.43	65.54
1185	1690.64	100.77	-5.33	3.63	65.56
1186	1690.64	100.80	-5.90	3.50	65.56
1187	1690.64	100.37	-4.50	3.13	65.56
1188	1690.64	99.80	-4.53	3.00	65.56
1189	1690.64	99.73	-1.87	3.20	65.56
1190	1690.64	99.00	-1.77	3.57	65.56
1191	1690.64	99.23	-2.23	4.07	65.55
1192	1690.64	98.40	-4.67	3.87	65.55
1193	1690.64	100.13	-4.77	3.90	65.56
1194	1690.64	100.10	-4.53	3.47	65.58
1195	1690.64	100.97	-4.27	3.63	65.58
1196	1690.64	99.67	-4.17	3.70	65.57
1197	1690.64	99.73	-4.27	3.73	65.56
1198	1690.64	100.03	-4.43	3.63	65.54
1199	1690.64	100.90	-4.93	3.57	65.56
1200	1690.64	101.17	-4.97	3.60	65.56
1201	1690.64	100.47	-4.80	3.90	65.60
1202	1690.64	100.23	-4.27	3.93	65.58
1203	1690.64	100.80	-4.23	4.03	65.58
1204	1690.64	101.17	-4.63	3.80	65.55
1205	1690.64	101.13	-4.87	3.63	65.57
1206	1690.64	100.63	-4.97	3.53	65.57
1207	1690.64	100.97	-4.47	3.60	65.57
1208	1690.64	100.90	-5.00	3.73	65.56
1209	1690.64	101.17	-4.70	3.70	65.56
1210	1690.64	100.60	-5.17	3.50	65.54
1211	1690.64	100.83	-4.90	3.33	65.58
1212	1690.64	101.07	-5.27	3.27	65.59
1213	1690.64	101.70	-6.80	3.40	65.61
1214	1690.64	101.10	-5.20	3.57	65.58
1215	1690.64	100.30	-5.07	3.50	65.56
1216	1690.64	99.90	-3.27	3.47	65.55
1217	1690.64	100.73	-4.77	3.33	65.56
1218	1690.64	100.97	-5.20	3.60	65.59
1219	1690.64	101.87	-5.40	3.70	65.58
1220	1690.64	101.50	-4.93	3.73	65.55
1221	1690.64	100.50	-4.30	3.57	65.53
1222	1690.64	99.47	-4.00	3.43	65.54
1223	1690.64	99.83	-3.23	3.53	65.59
1224	1690.64	101.80	-2.30	3.57	65.59
1225	1690.64	102.43	-4.00	3.57	65.59
1226	1690.64	102.33	-4.77	3.53	65.56
1227	1690.64	101.73	-5.53	3.50	65.55
1228	1690.64	100.50	-3.70	3.50	65.55
1229	1690.64	100.13	-4.33	3.43	65.56
1230	1690.64	99.63	-4.90	3.37	65.57
1231	1690.64	100.43	-5.27	3.17	65.58
1232	1690.64	100.57	-4.57	3.07	65.59
1233	1690.64	100.47	-3.90	3.10	65.58
1234	1690.64	100.47	-4.00	3.37	65.56
1235	1690.64	99.73	-4.37	3.40	65.56
1236	1690.64	99.60	-4.77	3.40	65.58
1237	1690.64	99.43	-4.87	3.27	65.58
1238	1690.64	99.73	-4.57	3.33	65.57
1239	1690.64	99.97	-4.37	3.33	65.56
1240	1690.64	100.20	-4.23	3.33	65.55
1241	1690.64	100.30	-4.43	3.20	65.56
1242	1690.64	100.93	-4.60	3.07	65.56
1243	1690.64	100.80	-4.67	3.10	65.57
1244	1690.64	101.00	-4.37	3.17	65.56
1245	1690.64	99.67	-4.17	3.27	65.55
1246	1690.64	99.33	-3.20	3.23	65.54
1247	1690.64	99.20	-3.80	3.13	65.55
1248	1690.64	99.63	-4.07	3.13	65.57
1249	1690.64	99.57	-4.70	3.13	65.58
1250	1690.64	100.17	-4.33	3.30	65.57
1251	1690.64	99.77	-4.10	3.37	65.56
1252	1690.64	100.43	-3.97	3.30	65.56
1253	1690.64	100.30	-4.43	3.20	65.56
1254	1690.64	101.13	-4.97	3.13	65.56
1255	1690.64	100.67	-4.80	3.40	65.57
1256	1690.64	100.53	-4.07	3.60	65.55
1257	1690.64	100.57	-3.50	3.57	65.54
1258	1690.64	100.47	-4.20	3.40	65.54
1259	1690.64	100.37	-4.63	3.23	65.57
1260	1690.64	99.73	-4.60	3.23	65.58
1261	1690.64	99.73	-6.50	3.23	65.57
1262	1690.64	99.57	-6.00	3.27	65.56
1263	1690.64	99.97	-6.33	3.33	65.55
1264	1690.64	100.10	-4.33	3.33	65.55
1265	1690.64	99.50	-4.90	3.33	65.56
1266	1690.64	98.90	-4.97	3.17	65.57
1267	1690.64	99.00	-4.67	3.17	65.55
1268	1690.64	99.43	-4.40	3.27	65.54
1269	1690.64	100.00	-4.37	3.40	65.55
1270	1690.64	99.83	-4.47	3.33	65.56
1271	1690.64	100.27	-4.63	3.20	65.56
1272	1690.64	99.60	-4.63	3.20	65.56
1273	1690.64	99.60	-3.77	3.30	65.56
1274	1690.64	98.53	-3.90	3.30	65.55
1275	1690.64	99.27	-3.90	3.17	65.56
1276	1690.64	99.20	-4.87	2.90	65.58
1277	1690.64	100.97	-5.33	2.93	65.59
1278	1690.64	100.93	-5.40	3.17	65.59
1279	1690.64	100.97	-4.97	3.33	65.56
1280	1690.64	100.60	-4.47	3.37	65.55
1281	1690.64	100.07	-4.20	3.03	65.55
1282	1690.64	100.50	-4.57	2.83	65.57
1283	1690.64	99.20	-4.33	2.67	65.57
1284	1690.64	99.77	-4.63	2.87	65.57
1285	1690.64	99.63	-4.70	3.13	65.57
1286	1690.64	100.07	-4.50	3.30	65.56
1287	1690.64	99.20	-3.43	3.33	65.55
1288	1690.64	99.33	-3.00	3.27	65.55
1289	1690.64	99.47	-3.37	3.40	65.56
1290	1690.64	99.60	-4.17	3.30	65.57
1291	1690.64	99.80	-5.77	3.43	65.57
1292	1690.64	99.57	-5.93	3.30	65.57
1293	1690.64	99.90	-5.70	3.40	65.56
1294	1690.64	99.13	-3.77	3.30	65.55
1295	1690.64	99.30	-3.53	3.13	65.55
1296	1690.64	99.77	-4.57	3.00	65.57
1297	1690.64	100.73	-5.20	3.07	65.57
1298	1690.64	102.00	-5.10	3.03	65.57
1299	1690.64	101.90	-4.33	3.10	65.55
1300	1690.64	100.53	-4.23	3.03	65.55
1301	1690.64	99.27	-4.47	3.07	65.54
1302	1690.64	99.20	-4.70	3.00	65.57
1303	1690.64	99.40	-4.60	2.93	65.57
1304	1690.64	99.43	-4.37	3.03	65.57
1305	1690.64	99.00	-3.77	3.20	65.56
1306	1690.64	98.37	-3.67	3.27	65.55
1307	1690.64	99.07	-4.00	3.27	65.55
1308	1690.64	99.63	-4.43	3.20	65.56
1309	1690.64	100.87	-4.50	3.17	65.57
1310	1690.64	100.53	-4.50	3.20	65.57
1311	1690.64	101.30	-3.97	3.43	65.55
1312	1690.64	101.60	-4.63	3.50	65.54
1313	1690.64	101.13	-4.57	3.47	65.54
1314	1690.64	100.70	-4.97	3.20	65.56
1315	1690.64	101.10	-4.93	3.40	65.53
1316	1690.64	101.27	-5.07	3.43	65.53
1317	1690.64	100.30	-5.00	3.53	65.52
1318	1690.64	100.03	-4.73	3.17	65.55
1319	1690.64	100.23	-4.50	2.97	65.55
1320	1690.64	100.37	-4.83	2.90	65.56
1321	1690.64	99.93	-4.57	3.03	65.57
1322	1690.64	99.67	-4.23	3.23	65.56
1323	1690.64	100.67	-4.07	3.30	65.55
1324	1690.64	100.17	-4.20	3.27	65.55
1325	1690.64	100.67	-4.70	3.13	65.57
1326	1690.64	100.23	-4.80	3.07	65.59
1327	1690.64	100.57	-4.97	3.07	65.58
1328	1690.64	100.47	-4.50	2.90	65.56
1329	1690.64	100.53	-4.37	2.77	65.54
1330	1690.64	100.53	-4.37	2.80	65.55
1331	1690.64	99.97	-4.97	3.30	65.55
1332	1690.64	101.17	-5.03	3.60	65.58
1333	1690.64	100.57	-4.83	3.70	65.57
1334	1690.64	101.43	-4.10	3.40	65.54
1335	1690.64	99.40	-4.20	3.20	65.51
1336	1690.64	100.13	-5.53	3.03	65.52
1337	1690.64	100.07	-3.53	3.10	65.56
1338	1690.64	100.00	-3.00	3.20	65.57
1339	1690.64	99.57	-1.70	3.30	65.55
1340	1690.64	98.90	-4.17	3.33	65.54
1341	1690.64	99.97	-4.33	3.17	65.55
1342	1690.64	99.17	-4.70	3.10	65.57
1343	1690.64	99.27	-4.53	3.07	65.57
1344	1690.64	98.77	-3.97	3.17	65.56
1345	1690.64	99.30	-3.50	3.27	65.55
1346	1690.64	99.43	-3.60	3.20	65.55
1347	1690.64	98.93	-4.00	3.13	65.57
1348	1690.64	99.43	-4.33	3.07	65.57
1349	1690.64	99.53	-4.23	3.13	65.56
1350	1690.64	99.60	-4.10	3.20	65.55
1351	1690.64	99.53	-4.13	3.23	65.54
1352	1690.64	99.80	-4.33	3.13	65.55
1353	1690.64	100.20	-4.97	3.07	65.57
1354	1690.64	100.07	-4.67	3.03	65.57
1355	1690.64	100.27	-4.27	3.10	65.56
1356	1690.64	100.23	-3.97	3.13	65.55
1357	1690.64	100.80	-4.03	3.13	65.55
1358	1690.64	99.57	-4.23	3.10	65.56
1359	1690.64	99.53	-4.57	2.97	65.56
1360	1690.64	98.80	-4.50	2.80	65.57
1361	1690.64	99.53	-3.77	2.77	65.57
1362	1690.64	100.23	-3.77	2.87	65.57
1363	1690.64	100.63	-3.57	2.97	65.56
1364	1690.64	100.73	-4.23	2.97	65.55
1365	1690.64	99.93	-3.90	2.90	65.54
1366	1690.64	100.20	-4.70	2.83	65.54
1367	1690.64	100.23	-5.03	2.57	65.55
1368	1690.64	100.20	-4.97	2.57	65.60
1369	1690.64	100.77	-3.23	2.57	65.61
1370	1690.64	100.47	-2.83	2.67	65.60
1371	1690.64	100.93	-2.77	2.77	65.55
1372	1690.64	99.73	-3.77	2.77	65.54
1373	1690.64	100.40	-3.90	2.87	65.56
1374	1690.64	100.23	-4.40	2.93	65.57
1375	1690.64	101.00	-4.77	2.97	65.60
1376	1690.64	100.33	-4.60	3.00	65.59
1377	1690.64	100.07	-4.13	2.90	65.58
1378	1690.64	100.07	-4.63	2.90	65.55
1379	1690.64	99.80	-4.73	2.90	65.55
1380	1690.64	99.90	-4.90	2.80	65.56
1381	1690.64	99.60	-4.47	2.70	65.57
1382	1690.64	100.03	-4.83	2.70	65.56
1383	1690.64	100.17	-4.73	2.73	65.55
1384	1690.64	100.07	-4.30	2.93	65.52
1385	1690.64	99.53	-3.63	2.97	65.53
1386	1690.64	99.33	-4.17	2.93	65.53
1387	1690.64	99.83	-5.17	2.83	65.56
1388	1690.64	100.67	-5.57	2.83	65.57
1389	1690.64	100.63	-5.43	2.90	65.57
1390	1690.64	99.83	-4.63	2.90	65.56
1391	1690.64	99.80	-4.40	2.73	65.56
1392	1690.64	100.50	-4.27	2.80	65.56
1393	1690.64	101.23	-4.53	2.73	65.57
1394	1690.64	101.60	-5.23	2.73	65.56
1395	1690.64	101.57	-6.67	2.63	65.56
1396	1690.64	101.00	-6.10	2.70	65.54
1397	1690.64	100.20	-5.50	2.83	65.54
1398	1690.64	99.50	-3.97	3.03	65.55
1399	1690.64	99.67	-4.30	2.93	65.54
1400	1690.64	99.80	-4.63	2.87	65.56
1401	1690.64	99.87	-4.57	2.60	65.56
1402	1690.64	100.47	-4.50	2.67	65.57
1403	1690.64	99.60	-4.13	2.70	65.55
1404	1690.64	99.77	-4.17	3.13	65.53
1405	1690.64	99.13	-4.50	3.27	65.50
1406	1690.64	99.70	-4.80	3.23	65.50
1407	1690.64	99.37	-4.77	2.80	65.52
1408	1690.64	99.40	-4.57	2.70	65.55
1409	1690.64	99.57	-4.40	2.70	65.55
1410	1690.64	99.97	-4.20	2.67	65.53
1411	1690.64	99.93	-4.40	2.57	65.54
1412	1690.64	100.00	-4.43	2.67	65.55
1413	1690.64	99.27	-3.77	2.73	65.57
1414	1690.64	99.77	-3.33	2.80	65.56
1415	1690.64	100.17	-3.17	2.83	65.54
1416	1690.64	101.27	-5.43	2.87	65.53
1417	1690.64	101.00	-5.50	2.87	65.54
1418	1690.64	101.13	-5.67	2.73	65.53
1419	1690.64	100.53	-4.37	2.70	65.54
1420	1690.64	100.50	-4.43	2.77	65.53
1421	1690.64	100.13	-4.40	2.93	65.56
1422	1690.64	99.23	-4.07	3.03	65.55
1423	1690.64	99.37	-4.23	3.00	65.55
1424	1690.64	99.67	-3.33	2.87	65.56
1425	1690.64	100.93	-3.83	2.80	65.56
1426	1690.64	101.20	-3.80	2.77	65.56
1427	1690.64	100.83	-4.43	2.87	65.55
1428	1690.64	100.53	-3.97	3.10	65.56
1429	1690.64	100.13	-4.07	3.13	65.55
1430	1690.64	100.57	-4.47	2.77	65.57
1431	1690.64	100.77	-4.83	2.50	65.56
1432	1690.64	101.47	-4.83	2.47	65.57
1433	1690.64	100.57	-4.57	2.77	65.56
1434	1690.64	101.20	-3.07	2.87	65.55
1435	1690.64	100.63	-2.77	2.93	65.54
1436	1690.64	101.33	-3.07	3.00	65.53
1437	1690.64	100.80	-3.67	2.93	65.54
1438	1690.64	100.67	-3.67	2.87	65.56
1439	1690.64	100.93	-3.67	2.83	65.57
1440	1690.64	100.70	-4.37	3.03	65.56
1441	1690.64	100.43	-4.30	3.07	65.55
1442	1690.64	99.97	-4.23	3.10	65.55
1443	1690.64	100.37	-4.43	2.87	65.56
1444	1690.64	100.97	-4.57	2.80	65.57
1445	1690.64	100.57	-4.60	2.60	65.57
1446	1690.64	100.13	-4.40	2.60	65.56
1447	1690.64	98.87	-4.40	2.70	65.55
1448	1690.64	99.73	-4.30	3.00	65.57
1449	1690.64	99.73	-4.20	3.10	65.56
1450	1690.64	100.93	-4.33	3.07	65.57
1451	1690.64	99.97	-4.67	2.90	65.56
1452	1690.64	100.50	-5.37	2.83	65.57
1453	1690.64	100.40	-5.47	2.80	65.57
1454	1690.64	100.87	-5.10	2.80	65.56
1455	1690.64	100.17	-4.40	2.87	65.55
1456	1690.64	100.40	-3.83	2.93	65.55
1457	1690.64	99.83	-3.73	3.10	65.56
1458	1690.64	100.07	-4.90	3.10	65.56
1459	1690.64	100.20	-5.23	3.00	65.57
1460	1690.64	101.03	-5.43	2.80	65.56
1461	1690.64	100.50	-4.27	2.70	65.56
1462	1690.64	100.67	-4.57	2.73	65.56
1463	1690.64	100.60	-4.30	2.80	65.56
1464	1690.64	101.50	-3.63	2.93	65.56
1465	1690.64	99.70	-3.13	2.97	65.56
1466	1690.64	98.87	-2.87	2.93	65.55
1467	1690.64	98.87	-4.10	2.80	65.55
1468	1690.64	100.30	-4.33	2.70	65.56
1469	1690.64	100.93	-4.93	2.60	65.57
1470	1690.64	100.40	-4.50	2.37	65.57
1471	1690.64	99.77	-4.40	2.23	65.56
1472	1690.64	99.80	-3.77	2.33	65.55
1473	1690.64	99.60	-3.73	2.60	65.54
1474	1690.64	99.73	-5.97	2.83	65.55
1475	1690.64	99.27	-6.53	2.93	65.54
1476	1690.64	100.07	-6.57	2.93	65.55
1477	1690.64	100.07	-4.43	2.80	65.51
1478	1690.64	100.70	-4.60	2.67	65.53
1479	1690.64	99.97	-3.80	2.57	65.53
1480	1690.64	100.40	-3.87	2.67	65.57
1481	1690.64	100.50	-3.27	2.67	65.56
1482	1690.64	101.50	-4.17	2.80	65.55
1483	1690.64	100.93	-3.83	2.83	65.55
1484	1690.64	100.63	-3.40	2.90	65.54
1485	1690.64	99.40	-3.57	2.90	65.55
1486	1690.64	99.33	-3.77	2.87	65.55
1487	1690.64	99.07	-4.67	2.83	65.56
1488	1690.64	99.83	-4.53	2.73	65.57
1489	1690.64	99.40	-4.67	2.77	65.57
1490	1690.64	99.27	-5.97	2.77	65.56
1491	1690.64	99.27	-5.87	2.90	65.55
1492	1690.64	100.83	-5.33	2.80	65.55
1493	1690.64	101.63	-4.13	2.83	65.54
1494	1690.64	101.43	-4.33	2.67	65.55
1495	1690.64	100.50	-5.13	2.73	65.56
1496	1690.64	100.47	-4.23	2.63	65.57
1497	1690.64	99.67	-3.97	2.67	65.57
1498	1690.64	100.03	-3.07	2.67	65.57
1499	1690.64	99.10	-3.47	2.67	65.55
1500	1690.64	99.97	-3.53	2.73	65.54
1501	1690.64	100.03	-4.33	2.67	65.54
1502	1690.64	100.47	-4.83	2.57	65.55
1503	1690.64	100.60	-4.80	2.47	65.57
1504	1690.64	100.20	-4.47	2.47	65.57
1505	1690.64	100.27	-4.23	2.57	65.55
1506	1690.64	99.63	-3.83	2.53	65.54
1507	1690.64	100.30	-3.97	2.50	65.50
1508	1690.64	99.83	-4.27	2.50	65.53
1509	1690.64	99.97	-4.77	2.47	65.54
1510	1690.64	99.80	-4.83	2.17	65.60
1511	1690.64	101.00	-4.37	2.17	65.59
1512	1690.64	101.40	-5.07	2.30	65.59
1513	1690.64	100.50	-6.20	2.63	65.56
1514	1690.64	99.83	-6.57	2.63	65.55
1515	1690.64	100.07	-5.97	2.57	65.56
1516	1690.64	100.07	-4.20	2.57	65.56
1517	1690.64	100.20	-4.00	2.60	65.56
1518	1690.64	99.30	-3.73	2.90	65.54
1519	1690.64	99.80	-4.17	2.90	65.52
1520	1690.64	99.63	-4.33	2.73	65.53
1521	1690.64	101.37	-4.83	2.50	65.55
1522	1690.64	100.73	-5.00	2.43	65.58
1523	1690.64	100.57	-4.53	2.57	65.59
1524	1690.64	99.73	-4.03	2.57	65.58
1525	1690.64	100.43	-3.73	2.67	65.57
1526	1690.64	100.57	-4.07	2.57	65.55
1527	1690.64	99.77	-4.23	2.43	65.57
1528	1690.64	100.50	-4.30	2.27	65.58
1529	1690.64	100.63	-4.23	2.37	65.57
1530	1690.64	100.43	-3.80	2.33	65.56
1531	1690.64	100.40	-4.17	2.40	65.55
1532	1690.64	100.40	-4.27	2.23	65.56
1533	1690.64	100.13	-4.77	2.27	65.57
1534	1690.64	99.67	-4.63	2.37	65.57
1535	1690.64	99.60	-4.50	2.57	65.55
1536	1690.64	100.13	-4.37	2.60	65.54
1537	1690.64	100.47	-4.37	2.50	65.54
1538	1690.64	100.50	-4.33	2.27	65.55
1539	1690.64	100.77	-4.53	2.20	65.60
1540	1690.64	100.20	-4.70	2.20	65.60
1541	1690.64	100.20	-4.57	2.37	65.58
1542	1690.64	101.53	-4.03	2.37	65.55
1543	1690.64	102.23	-3.93	2.37	65.56
1544	1690.64	102.43	-4.27	2.30	65.57
1545	1690.64	100.87	-4.33	2.53	65.57
1546	1690.64	100.07	-4.00	2.43	65.56
1547	1690.64	99.93	-3.40	2.50	65.55
1548	1690.64	98.23	-3.63	2.23	65.54
1549	1690.64	98.53	-3.67	2.10	65.55
1550	1690.64	98.23	-4.47	2.03	65.55
1551	1690.64	100.03	-4.50	2.07	65.56
1552	1690.64	99.60	-4.57	2.43	65.56
1553	1690.64	99.33	-3.90	2.47	65.55
1554	1690.64	99.67	-2.97	2.50	65.55
1555	1690.64	100.07	-3.47	2.27	65.56
1556	1690.64	100.50	-4.37	2.27	65.56
1557	1690.64	100.37	-5.47	2.33	65.56
1558	1690.64	100.50	-4.70	2.40	65.55
1559	1690.64	100.90	-4.20	2.33	65.55
1560	1690.64	100.77	-4.10	2.27	65.55
1561	1690.64	100.70	-4.63	2.20	65.55
1562	1690.64	100.23	-5.97	2.27	65.55
1563	1690.64	100.73	-4.70	2.30	65.54
1564	1690.64	100.63	-4.73	2.37	65.54
1565	1690.64	100.47	-3.57	2.20	65.56
1566	1690.64	99.97	-4.83	2.17	65.58
1567	1690.64	99.43	-4.70	2.23	65.58
1568	1690.64	99.00	-4.30	2.37	65.56
1569	1690.64	99.57	-4.20	2.37	65.54
1570	1690.64	99.80	-4.37	2.27	65.52
1571	1690.64	100.13	-4.87	2.17	65.53
1572	1690.64	99.53	-5.30	1.97	65.53
1573	1690.64	98.57	-4.83	1.77	65.56
1574	1690.64	98.50	-4.53	1.67	65.55
1575	1690.64	99.03	-4.20	1.80	65.55
1576	1690.64	100.80	-4.63	1.93	65.56
1577	1690.64	100.27	-4.17	2.57	65.57
1578	1690.64	100.00	-4.00	2.63	65.57
1579	1690.64	99.37	-3.57	2.70	65.56
1580	1690.64	100.40	-4.20	2.37	65.55
1581	1690.64	100.70	-4.30	2.47	65.57
1582	1690.64	101.40	-4.80	2.43	65.58
1583	1690.64	101.63	-4.47	2.43	65.57
1584	1690.64	100.97	-5.00	2.40	65.56
1585	1690.64	100.47	-4.80	2.53	65.54
1586	1690.64	99.60	-5.07	2.40	65.55
1587	1690.64	99.67	-4.77	2.27	65.56
1588	1690.64	98.93	-4.60	2.50	65.56
1589	1690.64	99.63	-4.23	2.50	65.55
1590	1690.64	99.93	-4.13	2.63	65.54
1591	1690.64	99.90	-4.50	2.33	65.54
1592	1690.64	99.90	-5.00	2.30	65.55
1593	1690.64	100.20	-4.50	2.23	65.56
1594	1690.64	101.03	-4.30	2.13	65.56
1595	1690.64	101.00	-4.07	2.30	65.56
1596	1690.64	100.50	-3.87	2.37	65.55
1597	1690.64	100.23	-4.00	2.57	65.56
1598	1690.64	100.53	-4.23	2.47	65.55
1599	1690.64	100.83	-4.93	2.40	65.56
1600	1690.64	101.33	-4.97	2.40	65.56
1601	1690.64	100.13	-4.83	2.53	65.56
1602	1690.64	99.63	-4.60	2.60	65.57
1603	1690.64	99.17	-4.47	2.53	65.57
1604	1690.64	99.87	-4.47	2.13	65.61
1605	1690.64	100.70	-6.03	2.13	65.60
1606	1690.64	100.23	-5.93	1.90	65.59
1607	1690.64	100.40	-5.77	2.27	65.54
1608	1690.64	99.67	-4.23	2.23	65.53
1609	1690.64	99.57	-4.20	2.67	65.55
1610	1690.64	99.27	-3.93	2.53	65.55
1611	1690.64	99.67	-2.83	2.53	65.56
1612	1690.64	100.00	-2.83	2.27	65.56
1613	1690.64	99.93	-3.20	2.30	65.56
1614	1690.64	100.17	-4.20	2.30	65.55
1615	1690.64	100.17	-3.80	2.33	65.55
1616	1690.64	100.33	-1.83	2.30	65.55
1617	1690.64	100.03	-2.10	2.23	65.56
1618	1690.64	99.07	-2.43	2.23	65.57
1619	1690.64	99.13	-4.13	2.27	65.55
1620	1690.64	98.83	-3.57	2.27	65.53
1621	1690.64	99.70	-5.50	2.17	65.53
1622	1690.64	99.43	-6.07	2.13	65.55
1623	1690.64	98.83	-6.40	2.07	65.57
1624	1690.64	99.67	-4.63	2.17	65.57
1625	1690.64	99.73	-4.20	2.20	65.56
1626	1690.64	100.87	-4.43	2.30	65.55
1627	1690.64	99.53	-4.33	2.33	65.55
1628	1690.64	100.00	-4.77	2.30	65.56
1629	1690.64	99.57	-4.60	2.33	65.57
1630	1690.64	99.90	-4.47	2.53	65.57
1631	1690.64	99.47	-4.13	2.83	65.55
1632	1690.64	99.83	-4.30	2.83	65.53
1633	1690.64	100.60	-4.37	2.63	65.53
1634	1690.64	101.17	-4.90	2.30	65.55
1635	1690.64	100.73	-4.83	2.17	65.56
1636	1690.64	100.43	-5.00	2.20	65.56
1637	1690.64	100.23	-4.33	2.23	65.55
1638	1690.64	100.63	-4.30	2.37	65.52
1639	1690.64	99.90	-3.97	2.20	65.52
1640	1690.64	99.53	-4.03	2.20	65.52
1641	1690.64	98.93	-5.20	2.07	65.55
1642	1690.64	100.40	-5.53	2.17	65.56
1643	1690.64	100.53	-5.47	2.17	65.56
1644	1690.64	100.73	-4.00	2.27	65.58
1645	1690.64	100.33	-3.53	2.20	65.57
1646	1690.64	100.93	-3.80	2.30	65.58
1647	1690.64	101.17	-4.23	2.10	65.56
1648	1690.64	101.03	-4.97	2.03	65.56
1649	1690.64	100.13	-3.23	1.97	65.55
1650	1690.64	99.23	-2.93	2.17	65.54
1651	1690.64	98.90	-2.37	2.50	65.52
1652	1690.64	99.67	-3.87	2.47	65.52
1653	1690.64	100.67	-4.17	2.53	65.53
1654	1690.64	100.90	-4.30	2.37	65.56
1655	1690.64	100.70	-4.83	2.20	65.56
1656	1690.64	100.87	-4.47	2.20	65.56
1657	1690.64	100.83	-4.67	2.23	65.55
1658	1690.64	100.63	-4.23	2.43	65.54
1659	1690.64	100.33	-4.37	2.20	65.55
1660	1690.64	100.53	-4.33	2.10	65.56
1661	1690.64	99.90	-4.33	2.07	65.57
1662	1690.64	100.10	-4.30	2.27	65.57
1663	1690.64	99.77	-4.00	2.30	65.55
1664	1690.64	100.23	-3.53	2.27	65.54
1665	1690.64	100.27	-4.30	2.23	65.53
1666	1690.64	100.63	-4.60	2.27	65.54
1667	1690.64	101.03	-5.17	2.17	65.56
1668	1690.64	101.13	-2.90	2.13	65.57
1669	1690.64	102.47	-3.23	2.20	65.57
1670	1690.64	102.07	-3.20	2.43	65.57
1671	1690.64	101.53	-4.53	2.50	65.56
1672	1690.64	99.83	-4.37	2.33	65.55
1673	1690.64	99.97	-4.30	2.20	65.55
1674	1690.64	99.90	-4.90	2.03	65.56
1675	1690.64	100.17	-4.87	2.03	65.60
1676	1690.64	100.47	-4.53	2.10	65.60
1677	1690.64	99.90	-3.93	2.20	65.59
1678	1690.64	99.67	-3.80	2.30	65.54
1679	1690.64	99.90	-4.23	2.30	65.53
1680	1690.64	100.47	-4.00	2.20	65.54
1681	1690.64	100.97	-4.23	2.07	65.55
1682	1690.64	101.10	-4.40	1.90	65.56
1683	1690.64	101.10	-5.00	1.93	65.56
1684	1690.64	100.50	-4.67	2.07	65.55
1685	1690.64	100.07	-4.33	2.20	65.54
1686	1690.64	100.73	-4.53	2.23	65.55
1687	1690.64	100.50	-4.50	2.07	65.55
1688	1690.64	100.63	-4.87	2.00	65.56
1689	1690.64	99.87	-4.50	1.97	65.56
1690	1690.64	100.03	-4.53	2.03	65.56
1691	1690.64	99.60	-4.20	2.17	65.54
1692	1690.64	100.10	-4.37	2.30	65.53
1693	1690.64	100.63	-3.60	2.20	65.53
1694	1690.64	100.93	-3.97	2.00	65.54
1695	1690.64	101.63	-4.30	1.93	65.55
1696	1690.64	101.63	-4.27	2.03	65.56
1697	1690.64	101.23	-3.83	2.10	65.55
1698	1690.64	100.60	-3.30	2.10	65.53
1699	1690.64	100.97	-4.47	2.13	65.53
1700	1690.64	100.63	-4.73	2.23	65.53
1701	1690.64	100.60	-5.20	2.13	65.56
1702	1690.64	99.40	-5.03	2.13	65.57
1703	1690.64	99.40	-4.73	2.00	65.57
1704	1690.64	99.37	-4.47	2.10	65.56
1705	1690.64	99.93	-4.40	2.40	65.55
1706	1690.64	100.37	-4.70	2.47	65.55
1707	1690.64	100.57	-4.87	2.37	65.56
1708	1690.64	99.50	-4.97	2.00	65.57
1709	1690.64	99.37	-4.60	1.90	65.56
1710	1690.64	98.73	-4.17	2.00	65.56
1711	1690.64	100.07	-4.37	2.03	65.56
1712	1690.64	100.57	-4.40	2.13	65.55
1713	1690.64	100.97	-4.73	2.13	65.55
1714	1690.64	100.53	-4.27	2.10	65.56
1715	1690.64	101.23	-4.87	2.07	65.56
1716	1690.64	101.83	-4.87	2.37	65.56
1717	1690.64	101.87	-4.93	2.47	65.55
1718	1690.64	100.60	-4.03	2.47	65.54
1719	1690.64	98.93	-4.03	2.17	65.54
1720	1690.64	99.10	-3.93	1.90	65.55
1721	1690.64	98.93	-4.33	1.83	65.56
1722	1690.64	100.07	-4.37	1.77	65.57
1723	1690.64	100.23	-4.87	1.90	65.57
1724	1690.64	101.03	-4.93	1.83	65.54
1725	1690.64	100.73	-3.73	1.83	65.53
1726	1690.64	100.43	-2.20	1.83	65.53
1727	1690.64	100.30	-2.03	1.97	65.55
1728	1690.64	100.60	-2.73	1.93	65.57
1729	1690.64	100.17	-3.87	1.93	65.58
1730	1690.64	99.40	-4.93	1.93	65.58
1731	1690.64	99.50	-5.33	1.80	65.59
1732	1690.64	100.80	-5.47	1.77	65.59
1733	1690.64	101.10	-5.03	1.73	65.59
1734	1690.64	101.20	-4.73	1.90	65.55
1735	1690.64	101.60	-4.43	2.00	65.54
1736	1690.64	101.83	-4.40	2.17	65.53
1737	1690.64	101.37	-4.73	2.13	65.54
1738	1690.64	100.67	-5.00	2.03	65.54
1739	1690.64	101.30	-4.73	1.83	65.56
1740	1690.64	100.83	-4.63	1.83	65.56
1741	1690.64	99.97	-4.43	1.83	65.56
1742	1690.64	99.23	-3.53	1.90	65.55
1743	1690.64	100.07	-3.83	1.97	65.54
1744	1690.64	100.83	-4.10	2.03	65.54
1745	1690.64	101.00	-4.97	2.00	65.55
1746	1690.64	100.43	-4.87	1.93	65.56
1747	1690.64	100.83	-4.00	1.97	65.56
1748	1690.64	101.30	-3.83	2.03	65.56
1749	1690.64	101.97	-3.60	1.97	65.54
1750	1690.64	100.47	-4.23	1.93	65.53
1751	1690.64	99.77	-4.20	1.90	65.53
1752	1690.64	99.17	-4.13	1.97	65.54
1753	1690.64	100.13	-4.60	1.90	65.55
1754	1690.64	101.37	-5.03	1.93	65.56
1755	1690.64	101.60	-4.97	1.93	65.57
1756	1690.64	101.53	-3.47	2.03	65.56
1757	1690.64	100.83	-3.20	2.03	65.55
1758	1690.64	101.47	-3.43	2.13	65.54
1759	1690.64	101.37	-3.93	2.13	65.54
1760	1690.64	101.30	-4.17	2.10	65.53
1761	1690.64	101.00	-4.50	2.00	65.56
1762	1690.64	101.00	-5.67	1.97	65.56
1763	1690.64	100.77	-5.27	1.90	65.58
1764	1690.64	100.33	-4.73	2.10	65.53
1765	1690.64	99.77	-3.43	2.13	65.52
1766	1690.64	100.13	-3.70	2.30	65.51
1767	1690.64	100.13	-3.83	2.13	65.52
1768	1690.64	100.67	-4.20	2.03	65.53
1769	1690.64	99.60	-4.13	1.83	65.55
1770	1690.64	99.83	-4.07	1.77	65.57
1771	1690.64	99.87	-4.13	1.87	65.55
1772	1690.64	101.07	-4.90	1.97	65.54
1773	1690.64	101.37	-3.87	2.00	65.54
1774	1690.64	101.50	-4.30	1.90	65.55
1775	1690.64	99.93	-3.40	1.80	65.56
1776	1690.64	100.17	-4.20	1.80	65.56
1777	1690.64	99.43	-2.70	1.83	65.55
1778	1690.64	101.37	-2.63	1.90	65.54
1779	1690.64	100.10	-2.80	1.77	65.55
1780	1690.64	100.57	-4.23	1.67	65.55
1781	1690.64	99.17	-4.47	1.53	65.57
1782	1690.64	100.37	-4.97	1.63	65.56
1783	1690.64	100.63	-5.10	1.83	65.56
1784	1690.64	101.13	-4.47	2.17	65.51
1785	1690.64	100.57	-4.03	2.20	65.49
1786	1690.64	100.63	-4.00	2.10	65.49
1787	1690.64	101.17	-4.73	1.70	65.53
1788	1690.64	101.33	-5.00	1.60	65.57
1789	1690.64	100.83	-5.10	1.57	65.57
1790	1690.64	99.57	-4.90	1.73	65.56
1791	1690.64	99.37	-4.63	1.97	65.56
1792	1690.64	99.07	-4.90	1.90	65.56
1793	1690.64	99.43	-4.53	1.80	65.56
1794	1690.64	99.13	-4.70	1.60	65.55
1795	1690.64	100.33	-4.57	1.60	65.55
1796	1690.64	100.57	-5.07	1.57	65.56
1797	1690.64	101.13	-5.03	1.80	65.57
1798	1690.64	100.27	-4.33	1.87	65.57
1799	1690.64	100.03	-4.20	2.03	65.55
1800	1690.64	99.13	-4.30	1.90	65.53
1801	1690.64	99.10	-5.40	1.87	65.53
1802	1690.64	99.83	-4.87	1.73	65.55
1803	1690.64	100.53	-4.83	1.63	65.56
1804	1690.64	100.40	-4.40	1.63	65.57
1805	1690.64	100.07	-4.77	1.77	65.56
1806	1690.64	100.03	-4.43	1.83	65.54
1807	1690.64	100.90	-4.10	1.77	65.55
1808	1690.64	100.47	-4.40	1.73	65.55
1809	1690.64	100.73	-4.83	1.77	65.57
1810	1690.64	100.33	-4.87	1.87	65.56
1811	1690.64	100.33	-3.97	1.93	65.56
1812	1690.64	100.07	-3.40	1.80	65.55
1813	1690.64	99.60	-3.13	1.83	65.54
1814	1690.64	100.17	-4.13	1.83	65.54
1815	1690.64	100.07	-4.63	1.83	65.54
1816	1690.64	100.37	-5.47	1.80	65.53
1817	1690.64	100.27	-5.60	1.70	65.54
1818	1690.64	100.47	-5.50	1.73	65.55
1819	1690.64	100.83	-4.70	2.20	65.57
1820	1690.64	100.87	-4.50	2.37	65.57
1821	1690.64	100.63	-4.40	2.50	65.56
1822	1690.64	99.63	-4.33	2.07	65.55
1823	1690.64	99.83	-4.20	1.97	65.54
1824	1690.64	100.00	-4.30	1.73	65.55
1825	1690.64	100.87	-3.70	1.70	65.56
1826	1690.64	101.23	-3.87	1.63	65.56
1827	1690.64	101.03	-3.57	1.80	65.56
1828	1690.64	100.30	-4.33	1.97	65.53
1829	1690.64	99.53	-3.53	1.97	65.52
1830	1690.64	100.17	-3.60	1.93	65.54
1831	1690.64	101.13	-5.27	1.83	65.57
1832	1690.64	101.30	-5.40	1.83	65.58
1833	1690.64	101.17	-5.47	1.80	65.57
1834	1690.64	100.50	-3.93	1.73	65.56
1835	1690.64	100.67	-4.43	1.87	65.55
1836	1690.64	100.43	-4.40	2.00	65.54
1837	1690.64	100.27	-4.07	2.07	65.51
1838	1690.64	99.47	-3.83	2.03	65.51
1839	1690.64	99.60	-4.00	1.93	65.51
1840	1690.64	99.60	-4.43	1.83	65.55
1841	1690.64	99.80	-4.73	1.77	65.56
1842	1690.64	99.83	-5.00	1.83	65.56
1843	1690.64	100.20	-3.53	1.90	65.56
1844	1690.64	100.23	-3.17	1.97	65.55
1845	1690.64	98.73	-2.87	2.13	65.55
1846	1690.64	97.73	-4.00	2.10	65.53
1847	1690.64	98.20	-4.23	2.00	65.54
1848	1690.64	100.00	-3.40	1.77	65.54
1849	1690.64	101.27	-4.10	1.73	65.55
1850	1690.64	100.53	-4.07	1.70	65.55
1851	1690.64	100.10	-4.77	1.73	65.54
1852	1690.64	100.03	-4.00	1.87	65.53
1853	1690.64	100.70	-3.83	2.07	65.52
1854	1690.64	99.97	-3.50	2.07	65.53
1855	1690.64	99.70	-3.87	2.03	65.55
1856	1690.64	101.07	-4.63	1.77	65.57
1857	1690.64	102.20	-4.93	1.73	65.57
1858	1690.64	102.27	-4.60	1.70	65.55
1859	1690.64	101.00	-3.77	1.87	65.55
1860	1690.64	99.97	-3.47	1.90	65.54
1861	1690.64	99.77	-3.63	1.77	65.57
1862	1690.64	99.40	-4.17	1.57	65.55
1863	1690.64	99.50	-4.63	1.40	65.57
1864	1690.64	99.00	-4.30	1.40	65.55
1865	1690.64	98.93	-3.90	1.57	65.56
1866	1690.64	98.80	-3.60	1.73	65.56
1867	1690.64	99.13	-3.57	1.80	65.56
1868	1690.64	98.93	-3.60	1.83	65.56
1869	1690.64	99.70	-4.10	2.03	65.55
1870	1690.64	100.43	-5.03	2.03	65.54
1871	1690.64	100.97	-5.33	2.00	65.55
1872	1690.64	100.77	-5.00	1.80	65.54
1873	1690.64	100.30	-5.00	1.87	65.55
1874	1690.64	99.40	-4.87	1.90	65.54
1875	1690.64	99.23	-4.97	1.87	65.54
1876	1690.64	99.17	-4.43	1.80	65.55
1877	1690.64	100.03	-4.60	1.80	65.55
1878	1690.64	100.33	-4.87	1.83	65.55
1879	1690.64	100.30	-4.67	1.90	65.52
1880	1690.64	99.90	-4.40	1.90	65.51
1881	1690.64	100.53	-4.23	1.83	65.51
1882	1690.64	100.53	-4.30	1.73	65.55
1883	1690.64	100.73	-4.23	1.73	65.56
1884	1690.64	99.53	-4.47	1.73	65.58
1885	1690.64	99.33	-4.83	1.80	65.57
1886	1690.64	98.90	-4.60	1.80	65.56
1887	1690.64	99.27	-4.07	1.90	65.55
1888	1690.64	99.83	-3.87	2.03	65.54
1889	1690.64	99.87	-4.00	2.00	65.54
1890	1690.64	99.27	-4.03	1.87	65.55
1891	1690.64	98.63	-5.00	1.67	65.56
1892	1690.64	99.07	-5.37	1.63	65.56
1893	1690.64	99.97	-5.70	1.73	65.56
1894	1690.64	101.17	-5.03	1.93	65.56
1895	1690.64	101.07	-4.43	1.87	65.55
1896	1690.64	100.77	-4.43	1.90	65.53
1897	1690.64	100.23	-3.70	1.80	65.53
1898	1690.64	101.00	-4.30	1.83	65.54
1899	1690.64	101.33	-4.23	1.50	65.55
1900	1690.64	101.70	-4.90	1.47	65.55
1901	1690.64	100.93	-4.97	1.50	65.55
1902	1690.64	100.87	-4.50	1.77	65.55
1903	1690.64	99.93	-3.60	1.83	65.55
1904	1690.64	99.53	-3.40	1.87	65.54
1905	1690.64	99.80	-3.87	1.97	65.53
1906	1690.64	100.07	-4.10	1.73	65.53
1907	1690.64	100.87	-4.90	1.67	65.54
1908	1690.64	100.93	-5.03	1.60	65.56
1909	1690.64	101.50	-5.70	1.73	65.57
1910	1690.64	100.83	-5.57	1.80	65.56
1911	1690.64	100.37	-5.67	1.80	65.56
1912	1690.64	99.53	-5.40	1.87	65.55
1913	1690.64	100.07	-4.83	1.97	65.54
1914	1690.64	99.90	-4.03	1.93	65.54
1915	1690.64	100.77	-4.10	1.93	65.53
1916	1690.64	101.10	-4.07	1.83	65.55
1917	1690.64	101.63	-4.73	1.97	65.56
1918	1690.64	101.37	-4.67	1.90	65.56
1919	1690.64	100.57	-4.60	1.90	65.56
1920	1690.64	99.00	-4.37	1.77	65.54
1921	1690.64	98.67	-4.07	1.83	65.54
1922	1690.64	99.27	-4.37	1.93	65.54
1923	1690.64	100.17	-4.43	1.97	65.54
1924	1690.64	100.30	-5.00	1.90	65.54
1925	1690.64	100.70	-4.90	1.73	65.55
1926	1690.64	101.37	-5.57	1.67	65.56
1927	1690.64	100.83	-5.17	1.77	65.56
1928	1690.64	100.93	-5.13	1.93	65.55
1929	1690.64	100.30	-4.17	2.00	65.54
1930	1690.64	101.23	-4.47	2.00	65.54
1931	1690.64	100.47	-4.47	1.97	65.54
1932	1690.64	100.63	-4.97	1.87	65.57
1933	1690.64	99.70	-5.07	1.73	65.58
1934	1690.64	100.07	-5.13	1.63	65.57
1935	1690.64	100.77	-5.13	1.77	65.55
1936	1690.64	101.80	-4.93	1.80	65.55
1937	1690.64	101.97	-5.30	1.83	65.54
1938	1690.64	101.73	-5.03	1.70	65.54
1939	1690.64	101.23	-5.03	1.63	65.56
1940	1690.64	100.83	-4.63	1.60	65.57
1941	1690.64	100.60	-5.40	1.57	65.58
1942	1690.64	101.13	-5.33	1.30	65.56
1943	1690.64	101.00	-4.97	1.33	65.54
1944	1690.64	100.83	-2.77	1.43	65.52
1945	1690.64	100.43	-2.50	1.77	65.52
1946	1690.64	100.93	-2.63	1.83	65.54
1947	1690.64	100.33	-5.40	1.77	65.55
1948	1690.64	100.70	-6.00	1.73	65.56
1949	1690.64	99.77	-6.13	1.60	65.56
1950	1690.64	99.60	-4.83	1.70	65.56
1951	1690.64	99.13	-4.37	1.80	65.55
1952	1690.64	99.67	-5.17	1.83	65.54
1953	1690.64	100.20	-4.97	1.80	65.53
1954	1690.64	99.77	-4.97	1.70	65.52
1955	1690.64	100.10	-4.07	1.70	65.53
1956	1690.64	100.30	-4.27	1.63	65.54
1957	1690.64	100.40	-4.30	1.63	65.59
1958	1690.64	100.13	-4.27	1.73	65.58
1959	1690.64	99.60	-4.23	1.67	65.58
1960	1690.64	100.63	-5.53	1.73	65.54
1961	1690.64	100.33	-5.57	1.60	65.54
1962	1690.64	101.10	-5.90	1.53	65.56
1963	1690.64	100.43	-4.60	1.43	65.57
1964	1690.64	100.83	-4.70	1.50	65.58
1965	1690.64	100.53	-4.23	1.73	65.55
1966	1690.64	100.50	-4.20	1.90	65.54
1967	1690.64	99.67	-3.97	2.07	65.57
1968	1690.64	99.87	-4.77	1.97	65.57
1969	1690.64	99.47	-4.97	1.83	65.58
1970	1690.64	99.97	-3.53	1.57	65.56
1971	1690.64	100.03	-3.20	1.43	65.56
1972	1690.64	100.70	-2.90	1.50	65.55
1973	1690.64	100.70	-3.87	1.57	65.54
1974	1690.64	100.70	-3.57	1.70	65.54
1975	1690.64	100.33	-4.10	1.60	65.54
1976	1690.64	100.90	-4.80	1.47	65.55
1977	1690.64	100.43	-4.93	1.43	65.55
1978	1690.64	100.57	-4.40	1.53	65.54
1979	1690.64	100.37	-4.40	1.63	65.54
1980	1690.64	100.90	-4.60	1.77	65.55
1981	1690.64	101.27	-5.00	1.60	65.57
1982	1690.64	101.37	-5.07	1.57	65.58
1983	1690.64	100.53	-4.57	1.43	65.56
1984	1690.64	99.20	-3.90	1.43	65.55
1985	1690.64	98.60	-3.57	1.40	65.54
1986	1690.64	100.50	-4.20	1.40	65.55
1987	1690.64	101.30	-4.83	1.40	65.55
1988	1690.64	101.73	-4.77	1.40	65.55
1989	1690.64	100.03	-4.07	1.37	65.54
1990	1690.64	100.67	-4.23	1.43	65.54
1991	1690.64	100.30	-4.83	1.37	65.54
1992	1690.64	100.33	-6.80	1.30	65.55
1993	1690.64	99.83	-6.13	1.17	65.55
1994	1690.64	100.70	-5.70	1.67	65.54
1995	1690.64	100.97	-3.20	1.73	65.53
1996	1690.64	100.90	-3.77	2.07	65.54
1997	1690.64	100.37	-4.17	1.57	65.55
1998	1690.64	99.60	-5.33	1.50	65.55
1999	1690.64	100.13	-4.90	1.33	65.55
2000	1690.64	99.67	-4.70	1.47	65.54
2001	1690.64	100.23	-4.23	1.50	65.54
2002	1690.64	99.67	-4.70	1.37	65.55
2003	1690.64	100.70	-4.63	1.07	65.56
2004	1690.64	100.83	-7.23	1.07	65.57
2005	1690.64	100.77	-6.80	1.17	65.56
2006	1690.64	100.17	-6.60	1.50	65.55
2007	1690.64	101.00	-4.10	1.50	65.54
2008	1690.64	100.27	-4.57	1.27	65.56
2009	1690.64	100.17	-4.93	1.17	65.58
2010	1690.64	99.57	-4.83	1.20	65.58
2011	1690.64	99.97	-4.47	1.67	65.56
2012	1690.64	100.10	-4.13	1.77	65.55
2013	1690.64	100.30	-5.57	1.83	65.54
2014	1690.64	100.77	-5.83	1.50	65.56
2015	1690.64	100.80	-5.60	1.37	65.54
2016	1690.64	100.13	-4.27	1.30	65.55
2017	1690.64	100.90	-3.97	1.43	65.54
2018	1690.64	100.63	-4.03	1.47	65.54
2019	1690.64	101.10	-4.27	1.47	65.55
2020	1690.64	100.47	-4.57	1.33	65.55
2021	1690.64	100.77	-4.97	1.33	65.56
2022	1690.64	99.93	-4.73	1.37	65.56
2023	1690.64	99.03	-4.50	1.47	65.55
2024	1690.64	99.30	-4.07	1.50	65.54
2025	1690.64	100.20	-2.13	1.43	65.53
2026	1690.64	101.03	-2.17	1.40	65.54
2027	1690.64	100.07	-1.87	1.30	65.55
2028	1690.64	100.03	-4.10	1.30	65.56
2029	1690.64	99.63	-5.00	1.23	65.56
2030	1690.64	100.33	-5.70	1.37	65.55
2031	1690.64	100.37	-5.27	1.47	65.54
2032	1690.64	100.70	-4.07	1.53	65.54
2033	1690.64	100.37	-3.87	1.50	65.54
2034	1690.64	99.43	-4.17	1.40	65.55
2035	1690.64	99.80	-4.73	1.43	65.55
2036	1690.64	99.80	-4.87	1.27	65.56
2037	1690.64	100.57	-4.13	1.20	65.56
2038	1690.64	100.47	-4.13	1.17	65.56
2039	1690.64	100.77	-4.03	1.33	65.55
2040	1690.64	99.87	-4.37	1.50	65.54
2041	1690.64	100.00	-4.03	1.57	65.54
2042	1690.64	99.90	-4.20	1.47	65.54
2043	1690.64	101.27	-4.50	1.40	65.55
2044	1690.64	100.43	-4.73	1.30	65.56
2045	1690.64	100.80	-4.83	1.33	65.55
2046	1690.64	100.53	-5.40	1.37	65.55
2047	1690.64	101.27	-5.07	1.43	65.54
2048	1690.64	100.17	-4.47	1.60	65.54
2049	1690.64	99.77	-4.57	1.60	65.54
2050	1690.64	100.43	-4.97	1.53	65.54
2051	1690.64	101.43	-5.40	1.40	65.54
2052	1690.64	101.30	-4.80	1.27	65.55
2053	1690.64	100.10	-4.87	1.27	65.56
2054	1690.64	99.87	-5.00	1.30	65.59
2055	1690.64	100.13	-4.90	1.40	65.59
2056	1690.64	100.67	-4.73	1.53	65.58
2057	1690.64	100.77	-4.23	1.50	65.54
2058	1690.64	100.77	-4.03	1.57	65.53
2059	1690.64	99.73	-3.63	1.47	65.53
2060	1690.64	99.80	-4.10	1.40	65.54
2061	1690.64	99.73	-4.53	1.27	65.55
2062	1690.64	100.57	-5.17	1.13	65.56
2063	1690.64	100.40	-5.40	1.23	65.56
2064	1690.64	100.30	-5.37	1.30	65.55
2065	1690.64	99.63	-5.10	1.50	65.54
2066	1690.64	99.40	-4.67	1.53	65.53
2067	1690.64	99.77	-4.47	1.53	65.53
2068	1690.64	99.80	-4.40	1.30	65.52
2069	1690.64	100.23	-4.87	1.33	65.52
2070	1690.64	100.33	-5.10	1.30	65.52
2071	1690.64	100.73	-5.10	1.50	65.55
2072	1690.64	100.00	-4.87	1.37	65.55
2073	1690.64	98.73	-4.73	1.40	65.55
2074	1690.64	97.63	-4.70	1.50	65.54
2075	1690.64	98.33	-4.47	1.43	65.54
2076	1690.64	99.30	-4.33	1.40	65.56
2077	1690.64	100.33	-4.30	1.17	65.57
2078	1690.64	99.83	-4.80	1.20	65.57
2079	1690.64	99.37	-5.03	1.17	65.56
2080	1690.64	99.63	-5.03	1.27	65.55
2081	1690.64	99.93	-4.43	1.33	65.54
2082	1690.64	99.97	-4.20	1.37	65.54
2083	1690.64	100.00	-4.17	1.33	65.54
2084	1690.64	100.17	-4.40	1.40	65.54
2085	1690.64	100.53	-4.63	1.57	65.55
2086	1690.64	100.30	-4.93	1.47	65.56
2087	1690.64	99.43	-4.47	1.33	65.57
2088	1690.64	99.13	-4.00	1.20	65.56
2089	1690.64	98.93	-3.73	1.37	65.54
2090	1690.64	99.43	-3.97	1.40	65.53
2091	1690.64	100.20	-4.20	1.57	65.54
2092	1690.64	100.73	-4.50	1.53	65.55
2093	1690.64	101.07	-4.90	1.53	65.56
2094	1690.64	101.63	-5.30	1.37	65.57
2095	1690.64	101.53	-4.83	1.47	65.55
2096	1690.64	101.43	-5.30	1.53	65.55
2097	1690.64	100.37	-4.73	1.50	65.54
2098	1690.64	100.70	-5.10	1.60	65.54
2099	1690.64	100.17	-4.27	1.43	65.51
2100	1690.64	100.17	-4.47	1.77	65.51
2101	1690.64	100.07	-4.73	1.53	65.52
2102	1690.64	100.53	-5.30	1.63	65.54
2103	1690.64	100.17	-5.13	1.33	65.56
2104	1690.64	99.87	-5.60	1.43	65.55
2105	1690.64	99.50	-4.97	1.47	65.55
2106	1690.64	100.67	-5.17	1.50	65.54
2107	1690.64	101.47	-4.50	1.47	65.53
2108	1690.64	102.20	-4.93	1.37	65.54
2109	1690.64	101.07	-4.93	1.37	65.55
2110	1690.64	99.87	-4.93	1.30	65.56
2111	1690.64	99.50	-3.23	1.37	65.56
2112	1690.64	100.43	-2.97	1.37	65.55
2113	1690.64	100.03	-2.40	1.30	65.54
2114	1690.64	99.83	-3.73	1.27	65.53
2115	1690.64	99.30	-4.17	1.20	65.54
2116	1690.64	100.30	-4.50	1.27	65.55
2117	1690.64	100.50	-5.70	1.30	65.55
2118	1690.64	101.10	-5.87	1.37	65.55
2119	1690.64	100.30	-5.77	1.37	65.54
2120	1690.64	100.13	-4.63	1.40	65.54
2121	1690.64	98.70	-3.80	1.27	65.54
2122	1690.64	99.87	-4.03	1.30	65.55
2123	1690.64	100.53	-4.50	1.10	65.56
2124	1690.64	101.53	-5.27	1.10	65.57
2125	1690.64	101.87	-4.37	1.07	65.57
2126	1690.64	101.00	-3.83	1.27	65.55
2127	1690.64	100.30	-3.20	1.43	65.54
2128	1690.64	98.67	-3.77	1.50	65.53
2129	1690.64	99.40	-2.37	1.47	65.53
2130	1690.64	99.90	-3.03	1.50	65.54
2131	1690.64	100.17	-3.33	1.40	65.56
2132	1690.64	99.33	-4.97	1.40	65.56
2133	1690.64	99.23	-4.77	1.53	65.55
2134	1690.64	99.30	-4.43	1.60	65.51
2135	1690.64	98.63	-3.93	1.63	65.51
2136	1690.64	98.23	-3.63	1.37	65.51
2137	1690.64	98.20	-4.00	1.23	65.55
2138	1690.64	99.30	-4.37	1.13	65.57
2139	1690.64	99.47	-4.23	1.03	65.58
2140	1690.64	99.53	-4.20	1.17	65.57
2141	1690.64	99.73	-3.97	1.37	65.54
2142	1690.64	100.07	-4.23	1.57	65.53
2143	1690.64	101.13	-3.90	1.53	65.53
2144	1690.64	101.03	-2.63	1.37	65.54
2145	1690.64	100.10	-2.70	1.17	65.55
2146	1690.64	99.07	-3.37	1.03	65.57
2147	1690.64	98.73	-5.17	1.13	65.57
2148	1690.64	100.47	-4.77	1.23	65.56
2149	1690.64	99.47	-4.33	1.43	65.54
2150	1690.64	100.97	-4.00	1.43	65.53
2151	1690.64	100.10	-4.43	1.47	65.53
2152	1690.64	101.00	-4.37	1.43	65.54
2153	1690.64	99.23	-4.43	1.40	65.55
2154	1690.64	99.57	-4.73	1.43	65.56
2155	1690.64	100.37	-4.63	1.43	65.56
2156	1690.64	101.17	-4.50	1.47	65.54
2157	1690.64	101.17	-3.73	1.47	65.53
2158	1690.64	100.33	-3.50	1.47	65.53
2159	1690.64	100.43	-3.50	1.40	65.54
2160	1690.64	100.30	-4.30	1.30	65.55
2161	1690.64	101.17	-5.07	1.30	65.56
2162	1690.64	101.27	-5.27	1.30	65.56
2163	1690.64	101.37	-4.83	1.40	65.55
2164	1690.64	101.33	-4.50	1.43	65.54
2165	1690.64	101.20	-4.67	1.50	65.53
2166	1690.64	101.37	-4.67	1.47	65.53
2167	1690.64	100.67	-4.67	1.33	65.54
2168	1690.64	100.77	-4.57	1.23	65.56
2169	1690.64	100.00	-4.77	1.17	65.56
2170	1690.64	100.30	-4.77	1.23	65.56
2171	1690.64	100.13	-4.57	1.30	65.54
2172	1690.64	101.33	-4.37	1.43	65.53
2173	1690.64	101.57	-4.63	1.53	65.53
2174	1690.64	100.87	-4.70	1.43	65.54
2175	1690.64	100.30	-4.80	1.27	65.55
2176	1690.64	100.00	-4.73	1.13	65.56
2177	1690.64	100.43	-5.10	1.23	65.55
2178	1690.64	100.73	-4.77	1.37	65.54
2179	1690.64	100.67	-4.00	1.40	65.54
2180	1690.64	100.50	-2.73	1.43	65.53
2181	1690.64	100.00	-3.07	1.40	65.53
2182	1690.64	100.50	-0.93	1.40	65.54
2183	1690.64	101.33	-2.20	1.33	65.54
2184	1690.64	101.57	-2.30	1.30	65.55
2185	1690.64	101.23	-5.13	1.37	65.55
2186	1690.64	100.27	-4.50	1.40	65.55
2187	1690.64	99.67	-3.90	1.47	65.54
2188	1690.64	99.50	-3.57	1.47	65.54
2189	1690.64	99.93	-4.20	1.47	65.54
2190	1690.64	99.63	-4.67	1.40	65.54
2191	1690.64	100.87	-4.80	1.30	65.54
2192	1690.64	100.50	-4.67	1.27	65.55
2193	1690.64	101.27	-5.00	1.40	65.56
2194	1690.64	100.30	-4.93	1.43	65.56
2195	1690.64	100.03	-4.50	1.37	65.55
2196	1690.64	99.67	-4.13	1.33	65.55
2197	1690.64	99.37	-3.97	1.30	65.55
2198	1690.64	99.73	-4.13	1.33	65.55
2199	1690.64	100.17	-4.33	1.17	65.54
2200	1690.64	99.50	-4.60	1.17	65.54
2201	1690.64	99.73	-4.77	1.20	65.55
2202	1690.64	99.53	-4.03	1.20	65.55
2203	1690.64	100.10	-3.90	1.27	65.56
2204	1690.64	100.13	-2.07	1.30	65.56
2205	1690.64	99.83	-3.57	1.43	65.56
2206	1690.64	99.47	-3.73	1.43	65.54
2207	1690.64	99.50	-5.47	1.30	65.55
2208	1690.64	99.17	-4.63	1.20	65.56
2209	1690.64	99.47	-4.93	1.47	65.55
2210	1690.64	99.23	-5.13	1.53	65.56
2211	1690.64	100.03	-5.00	1.60	65.55
2212	1690.64	100.87	-5.03	1.37	65.54
2213	1690.64	101.23	-4.60	1.43	65.53
2214	1690.64	101.53	-4.27	1.50	65.52
2215	1690.64	100.83	-3.83	1.43	65.53
2216	1690.64	100.67	-4.17	1.37	65.54
2217	1690.64	100.53	-4.83	1.47	65.55
2218	1690.64	100.63	-5.00	1.47	65.57
2219	1690.64	100.03	-4.80	1.50	65.56
2220	1690.64	99.83	-4.37	1.30	65.55
2221	1690.64	99.80	-4.17	1.33	65.53
2222	1690.64	100.10	-4.00	1.33	65.54
2223	1690.64	99.67	-7.13	1.33	65.53
2224	1690.64	99.67	-7.40	1.30	65.54
2225	1690.64	99.20	-7.57	1.07	65.55
2226	1690.64	99.63	-4.33	1.07	65.57
2227	1690.64	99.93	-4.50	1.07	65.58
2228	1690.64	100.93	-4.60	1.43	65.57
2229	1690.64	99.60	-4.40	1.40	65.56
2230	1690.64	99.57	-3.80	1.40	65.53
2231	1690.64	98.57	-3.83	1.23	65.54
2232	1690.64	99.63	-4.37	1.20	65.55
2233	1690.64	99.30	-4.77	0.70	65.55
2234	1690.64	99.80	-4.67	0.70	65.54
2235	1690.64	99.10	-4.17	0.77	65.53
2236	1690.64	99.13	-3.97	1.10	65.55
2237	1690.64	98.40	-3.93	1.40	65.55
2238	1690.64	99.30	-4.23	1.27	65.59
2239	1690.64	99.13	-4.23	1.40	65.57
2240	1690.64	99.93	-4.40	1.07	65.57
2241	1690.64	99.43	-4.17	1.13	65.54
2242	1690.64	99.53	-4.07	1.17	65.53
2243	1690.64	98.90	-3.77	1.20	65.53
2244	1690.64	100.03	-4.27	1.23	65.52
2245	1690.64	100.33	-4.67	1.10	65.52
2246	1690.64	102.07	-4.73	1.00	65.53
2247	1690.64	100.80	-5.10	0.87	65.56
2248	1690.64	100.93	-5.03	0.90	65.56
2249	1690.64	100.13	-5.13	0.87	65.55
2250	1690.64	101.07	-4.57	1.10	65.53
2251	1690.64	100.80	-4.33	1.13	65.52
2252	1690.64	100.27	-5.83	1.23	65.52
2253	1690.64	100.30	-4.57	1.07	65.54
2254	1690.64	100.23	-6.07	1.00	65.55
2255	1690.64	100.40	-5.07	1.00	65.56
2256	1690.64	100.07	-6.40	1.00	65.55
2257	1690.64	100.07	-4.80	0.93	65.54
2258	1690.64	99.97	-3.80	0.90	65.55
2259	1690.64	100.23	-3.73	0.97	65.54
2260	1690.64	100.90	-4.17	1.13	65.54
2261	1690.64	100.93	-4.73	1.07	65.57
2262	1690.64	101.00	-4.77	1.00	65.59
2263	1690.64	100.70	-3.77	0.90	65.59
2264	1690.64	101.50	-3.67	1.00	65.56
2265	1690.64	101.17	-3.60	1.03	65.55
2266	1690.64	100.70	-4.00	1.20	65.54
2267	1690.64	99.57	-5.70	1.30	65.53
2268	1690.64	100.00	-5.70	0.93	65.52
2269	1690.64	100.47	-6.20	0.90	65.52
2270	1690.64	100.67	-3.43	0.67	65.54
2271	1690.64	99.90	-4.37	0.93	65.55
2272	1690.64	100.23	-4.07	0.83	65.59
2273	1690.64	100.60	-5.17	0.87	65.58
2274	1690.64	101.03	-4.00	0.97	65.58
2275	1690.64	101.13	-4.10	0.97	65.52
2276	1690.64	101.40	-3.93	1.10	65.52
2277	1690.64	101.27	-3.53	1.10	65.52
2278	1690.64	100.83	-3.30	1.10	65.55
2279	1690.64	101.10	-5.17	1.00	65.55
2280	1690.64	102.27	-6.03	0.90	65.56
2281	1690.64	101.73	-6.13	0.97	65.56
2282	1690.64	101.33	-4.63	0.83	65.58
2283	1690.64	99.77	-2.70	0.90	65.57
2284	1690.64	99.57	-2.97	0.80	65.57
2285	1690.64	99.53	-2.57	1.17	65.55
2286	1690.64	100.20	-4.13	1.27	65.54
2287	1690.64	100.67	-3.70	1.33	65.53
2288	1690.64	100.70	-3.87	1.33	65.53
2289	1690.64	100.97	-3.90	1.40	65.53
2290	1690.64	101.07	-4.03	1.37	65.53
2291	1690.64	100.83	-3.93	1.20	65.54
2292	1690.64	99.70	-3.10	0.97	65.55
2293	1690.64	99.37	-3.40	0.93	65.56
2294	1690.64	99.23	-3.47	0.90	65.56
2295	1690.64	100.27	-4.67	0.97	65.56
2296	1690.64	100.63	-4.67	1.03	65.57
2297	1690.64	100.53	-5.53	1.07	65.56
2298	1690.64	100.37	-5.40	1.17	65.56
2299	1690.64	100.80	-5.33	1.47	65.54
2300	1690.64	100.83	-4.40	1.37	65.57
2301	1690.64	101.13	-4.27	1.40	65.56
2302	1690.64	100.70	-4.03	1.13	65.56
2303	1690.64	100.97	-4.97	1.23	65.52
2304	1690.64	100.13	-5.70	1.17	65.53
2305	1690.64	100.93	-6.07	1.17	65.53
2306	1690.64	100.37	-5.73	1.13	65.54
2307	1690.64	100.97	-5.27	1.30	65.55
2308	1690.64	100.23	-5.53	1.23	65.54
2309	1690.64	100.53	-5.20	1.03	65.55
2310	1690.64	99.73	-5.23	0.87	65.55
2311	1690.64	99.43	-5.00	0.90	65.56
2312	1690.64	99.53	-4.63	1.13	65.54
2313	1690.64	100.67	-4.20	1.20	65.54
2314	1690.64	101.10	-5.27	1.23	65.54
2315	1690.64	101.43	-6.10	1.27	65.53
2316	1690.64	100.43	-6.17	1.23	65.53
2317	1690.64	100.23	-4.87	1.20	65.53
2318	1690.64	99.90	-4.07	1.07	65.52
2319	1690.64	99.67	-4.10	1.00	65.52
2320	1690.64	99.27	-5.60	0.93	65.53
2321	1690.64	99.30	-5.87	1.00	65.55
2322	1690.64	100.20	-6.17	1.00	65.56
2323	1690.64	100.83	-4.70	1.07	65.56
2324	1690.64	101.00	-4.63	1.10	65.55
2325	1690.64	100.00	-4.17	1.13	65.54
2326	1690.64	99.50	-4.07	1.20	65.53
2327	1690.64	99.43	-4.23	1.30	65.52
2328	1690.64	100.37	-3.53	1.33	65.52
2329	1690.64	100.37	-3.40	1.27	65.53
2330	1690.64	100.50	-2.57	1.17	65.54
2331	1690.64	100.23	-3.80	1.07	65.56
2332	1690.64	100.53	-3.83	1.03	65.56
2333	1690.64	100.00	-4.10	1.07	65.56
2334	1690.64	100.40	-1.87	1.17	65.54
2335	1690.64	100.27	-2.53	1.30	65.54
2336	1690.64	101.20	-1.93	1.33	65.53
2337	1690.64	100.93	-3.53	1.33	65.54
2338	1690.64	100.53	-2.97	1.27	65.54
2339	1690.64	100.00	-4.03	1.40	65.55
2340	1690.64	99.43	-4.33	1.30	65.56
2341	1690.64	98.80	-4.60	1.23	65.56
2342	1690.64	98.63	-4.70	1.37	65.58
2343	1690.64	98.43	-4.60	1.43	65.58
2344	1690.64	99.17	-4.33	1.50	65.57
2345	1690.64	98.83	-4.03	1.17	65.54
2346	1690.64	99.73	-4.40	1.20	65.53
2347	1690.64	99.40	-4.67	1.17	65.54
2348	1690.64	99.63	-5.33	0.90	65.55
2349	1690.64	100.10	-6.37	0.80	65.56
2350	1690.64	99.97	-6.10	0.70	65.57
2351	1690.64	100.17	-5.33	0.97	65.57
2352	1690.64	99.07	-3.93	1.03	65.56
2353	1690.64	99.40	-3.80	1.10	65.55
2354	1690.64	99.43	-3.83	1.13	65.54
2355	1690.64	99.67	-3.60	1.07	65.54
2356	1690.64	99.77	-4.40	1.03	65.55
2357	1690.64	100.40	-4.97	0.87	65.56
2358	1690.64	100.30	-5.23	0.80	65.56
2359	1690.64	100.43	-4.77	0.83	65.57
2360	1690.64	100.97	-4.67	0.90	65.55
2361	1690.64	100.97	-4.20	0.97	65.55
2362	1690.64	101.03	-4.03	1.03	65.54
2363	1690.64	99.90	-3.77	1.10	65.54
2364	1690.64	100.20	-3.40	1.13	65.54
2365	1690.64	100.67	-3.80	1.03	65.55
2366	1690.64	100.73	-3.93	0.97	65.55
2367	1690.64	100.37	-5.40	0.90	65.56
2368	1690.64	100.33	-6.97	0.93	65.56
2369	1690.64	99.67	-6.63	0.87	65.55
2370	1690.64	99.67	-5.53	0.97	65.54
2371	1690.64	98.97	-3.23	1.00	65.53
2372	1690.64	99.60	-3.37	1.10	65.53
2373	1690.64	100.50	-3.97	1.00	65.54
2374	1690.64	100.50	-3.33	0.90	65.55
2375	1690.64	100.60	-3.43	0.83	65.56
2376	1690.64	99.83	-3.37	0.40	65.57
2377	1690.64	100.13	-3.67	0.47	65.56
2378	1690.64	100.13	-3.73	0.57	65.55
2379	1690.64	99.57	-3.73	1.03	65.53
2380	1690.64	99.67	-4.33	1.07	65.52
2381	1690.64	100.27	-4.47	1.00	65.52
2382	1690.64	101.00	-4.50	1.00	65.54
2383	1690.64	100.53	-4.80	0.97	65.55
2384	1690.64	100.40	-4.50	0.93	65.57
2385	1690.64	100.07	-7.43	0.83	65.56
2386	1690.64	99.97	-6.93	0.80	65.55
2387	1690.64	98.67	-7.03	1.10	65.55
2388	1690.64	99.00	-3.73	1.13	65.54
2389	1690.64	99.17	-3.93	1.03	65.52
2390	1690.64	99.60	-4.07	0.77	65.51
2391	1690.64	99.20	-4.57	0.73	65.52
2392	1690.64	99.30	-5.00	0.83	65.56
2393	1690.64	99.77	-4.83	0.83	65.57
2394	1690.64	100.27	-4.63	0.90	65.56
2395	1690.64	99.90	-3.97	0.83	65.53
2396	1690.64	99.57	-3.90	0.80	65.52
2397	1690.64	99.40	-3.73	0.93	65.53
2398	1690.64	100.10	-4.07	0.93	65.55
2399	1690.64	99.67	-5.33	0.87	65.56
2400	1690.64	100.30	-5.90	0.77	65.56
2401	1690.64	100.80	-6.03	0.83	65.56
2402	1690.64	101.70	-4.07	0.93	65.55
2403	1690.64	101.27	-3.47	0.77	65.50
2404	1690.64	100.73	-3.30	0.83	65.50
2405	1690.64	100.13	-2.97	0.80	65.50
2406	1690.64	99.43	-3.03	0.60	65.54
2407	1690.64	100.03	-3.50	0.37	65.53
2408	1690.64	100.33	-4.83	0.33	65.54
2409	1690.64	101.23	-5.13	0.63	65.54
2410	1690.64	100.37	-4.30	0.77	65.55
2411	1690.64	100.70	-3.73	0.87	65.54
2412	1690.64	100.07	-4.37	0.93	65.53
2413	1690.64	100.10	-4.60	0.93	65.53
2414	1690.64	99.90	-5.07	1.37	65.54
2415	1690.64	99.97	-4.27	1.27	65.53
2416	1690.64	99.93	-4.57	1.27	65.54
2417	1690.64	100.00	-4.30	0.80	65.54
2418	1690.64	100.37	-3.43	0.87	65.55
2419	1690.64	101.43	-3.47	0.97	65.54
2420	1690.64	100.60	-3.53	1.07	65.52
2421	1690.64	100.63	-4.67	1.03	65.53
2422	1690.64	99.17	-4.57	0.67	65.56
2423	1690.64	99.30	-4.80	0.53	65.57
2424	1690.64	99.37	-4.07	0.60	65.57
2425	1690.64	100.23	-3.30	0.97	65.54
2426	1690.64	102.00	-3.23	1.10	65.53
2427	1690.64	101.80	-3.73	1.13	65.53
2428	1690.64	101.63	-4.37	1.03	65.53
2429	1690.64	100.53	-4.03	0.87	65.53
2430	1690.64	99.93	-4.00	0.73	65.55
2431	1690.64	99.80	-3.70	0.77	65.55
2432	1690.64	100.03	-3.33	0.90	65.55
2433	1690.64	101.57	-3.20	1.07	65.55
2434	1690.64	101.00	-3.47	1.10	65.52
2435	1690.64	100.10	-3.90	1.00	65.52
2436	1690.64	98.80	-4.20	0.90	65.52
2437	1690.64	99.93	-4.50	1.00	65.54
2438	1690.64	100.20	-4.70	1.03	65.55
2439	1690.64	100.23	-4.47	1.17	65.51
2440	1690.64	99.40	-4.17	1.37	65.50
2441	1690.64	99.70	-3.33	1.33	65.50
2442	1690.64	100.47	-3.77	1.20	65.53
2443	1690.64	100.93	-3.90	0.90	65.55
2444	1690.64	100.73	-5.17	0.87	65.56
2445	1690.64	100.80	-4.47	0.83	65.56
2446	1690.64	100.00	-3.93	0.77	65.54
2447	1690.64	100.17	-3.43	0.90	65.53
2448	1690.64	98.87	-3.63	0.83	65.53
2449	1690.64	99.93	-4.23	0.87	65.54
2450	1690.64	100.80	-4.67	0.83	65.55
2451	1690.64	101.80	-5.20	0.90	65.56
2452	1690.64	101.50	-5.17	0.97	65.55
2453	1690.64	100.23	-4.53	1.00	65.55
2454	1690.64	99.97	-4.07	1.13	65.53
2455	1690.64	99.93	-3.93	1.17	65.48
2456	1690.64	100.20	-4.13	1.17	65.47
2457	1690.64	99.37	-4.17	1.07	65.48
2458	1690.64	98.87	-4.43	0.93	65.54
2459	1690.64	98.57	-4.73	0.93	65.56
2460	1690.64	99.50	-4.73	0.90	65.56
2461	1690.64	100.70	-4.70	1.00	65.55
2462	1690.64	101.50	-4.17	0.97	65.54
2463	1690.64	101.23	-4.40	1.07	65.53
2464	1690.64	100.43	-4.10	1.07	65.53
2465	1690.64	99.03	-4.13	1.37	65.54
2466	1690.64	98.97	-4.27	1.30	65.53
2467	1690.64	99.90	-3.57	1.17	65.54
2468	1690.64	101.23	-4.07	0.83	65.54
2469	1690.64	101.90	-4.67	0.80	65.55
2470	1690.64	101.23	-4.63	0.87	65.55
2471	1690.64	101.43	-4.40	0.87	65.55
2472	1690.64	101.17	-3.47	0.90	65.55
2473	1690.64	101.20	-4.53	1.03	65.54
2474	1690.64	100.83	-4.30	1.07	65.53
2475	1690.64	100.63	-4.23	1.10	65.53
2476	1690.64	99.63	-3.97	0.97	65.54
2477	1690.64	100.00	-4.17	0.90	65.55
2478	1690.64	100.27	-4.67	0.63	65.57
2479	1690.64	101.80	-4.93	0.60	65.57
2480	1690.64	101.67	-4.80	0.67	65.57
2481	1690.64	102.53	-4.50	0.93	65.55
2482	1690.64	101.17	-4.13	1.03	65.55
2483	1690.64	100.83	-4.23	1.03	65.53
2484	1690.64	99.70	-3.87	1.03	65.53
2485	1690.64	100.93	-4.00	0.97	65.52
2486	1690.64	100.90	-4.67	0.97	65.53
2487	1690.64	102.13	-6.03	0.80	65.53
2488	1690.64	100.90	-8.37	0.73	65.54
2489	1690.64	100.73	-7.87	0.63	65.54
2490	1690.64	99.23	-7.40	0.77	65.55
2491	1690.64	99.13	-5.67	0.90	65.52
2492	1690.64	98.83	-6.00	1.03	65.51
2493	1690.64	99.23	-5.57	1.07	65.51
2494	1690.64	99.60	-5.33	1.03	65.52
2495	1690.64	100.00	-5.30	0.97	65.53
2496	1690.64	99.60	-5.30	0.73	65.54
2497	1690.64	98.90	-5.63	0.47	65.56
2498	1690.64	98.67	-6.00	0.63	65.55
2499	1690.64	98.50	-6.13	0.77	65.55
2500	1690.64	99.80	-6.07	1.07	65.53
2501	1690.64	99.60	-5.53	0.83	65.55
2502	1690.64	100.23	-5.90	0.90	65.54
2503	1690.64	99.53	-5.33	0.87	65.53
2504	1690.64	99.40	-5.13	0.93	65.54
2505	1690.64	99.40	-5.13	0.93	65.54
