time (s)	cumulative shear displacment (cm)	total normal stress (kPa)	shear stress (kPa)	pore-water pressure (kPa)	specimen thickness (mm)
0	0.00	402.75	36.53	146.35	69.48
0.2	0.00	402.75	36.53	146.35	69.48
0.4	0.00	402.75	36.53	146.35	69.48
0.6	0.00	402.75	36.53	146.35	69.48
0.8	0.00	403.30	36.42	146.36	69.49
1	0.00	403.60	36.31	146.43	69.48
1.2	0.00	403.98	36.48	146.47	69.48
1.4	0.00	404.57	36.56	146.49	69.48
1.6	0.00	404.78	36.68	146.48	69.48
1.8	0.00	403.95	36.59	146.41	69.49
2	0.00	403.97	36.42	146.39	69.49
2.2	0.00	403.02	36.50	146.40	69.50
2.4	0.00	403.20	36.45	146.36	69.50
2.6	0.00	403.36	35.91	146.33	69.50
2.8	0.00	402.99	35.85	146.32	69.50
3	0.00	403.37	35.74	146.34	69.50
3.2	0.00	404.28	35.65	146.34	69.49
3.4	0.00	404.34	35.85	146.34	69.50
3.6	0.00	404.35	35.79	146.20	69.49
3.8	0.00	404.01	35.99	146.20	69.50
4	0.00	403.22	36.45	146.21	69.49
4.2	0.00	403.12	36.56	146.21	69.49
4.4	0.00	402.32	36.68	146.21	69.49
4.6	0.00	402.38	36.70	146.22	69.49
4.8	0.00	402.22	36.56	146.21	69.49
5	0.00	402.49	36.73	146.33	69.49
5.2	0.00	402.58	36.59	146.34	69.49
5.4	0.00	403.33	36.59	146.32	69.49
5.6	0.00	403.33	36.79	146.30	69.49
5.8	0.00	403.37	36.65	146.30	69.49
6	0.00	403.26	36.70	146.29	69.49
6.2	0.00	402.79	36.70	146.30	69.49
6.4	0.00	402.59	36.65	146.26	69.48
6.6	0.00	402.16	36.79	146.25	69.49
6.8	0.00	403.26	36.65	146.28	69.48
7	0.00	403.07	36.39	146.30	69.48
7.2	0.00	403.68	36.19	146.25	69.47
7.4	0.00	402.93	36.08	146.23	69.48
7.6	0.00	404.04	35.96	146.21	69.48
7.8	0.00	405.06	35.71	146.20	69.48
8	0.00	404.95	35.48	146.13	69.48
8.2	0.00	403.68	35.54	146.05	69.48
8.4	0.00	404.39	35.54	146.01	69.48
8.6	0.00	404.22	35.71	146.01	69.50
8.8	0.00	404.49	35.54	145.95	69.51
9	0.00	404.07	35.51	145.87	69.51
9.2	0.00	402.36	35.31	145.73	69.51
9.4	0.00	402.62	35.14	145.72	69.51
9.6	0.00	402.66	34.85	145.69	69.51
9.8	0.00	402.18	34.51	145.60	69.51
10	0.00	402.05	34.31	145.55	69.51
10.2	0.00	402.35	34.23	145.56	69.51
10.4	0.00	401.92	34.51	145.55	69.51
10.6	0.00	402.67	34.60	145.66	69.51
10.8	0.00	402.69	34.45	145.62	69.52
11	0.00	403.40	34.54	145.65	69.52
11.2	0.00	403.70	34.51	145.68	69.51
11.4	0.00	403.95	34.45	145.66	69.52
11.6	0.00	404.28	34.65	145.66	69.52
11.8	0.00	404.05	34.34	145.68	69.52
12	0.00	404.41	34.31	145.70	69.51
12.2	0.00	404.65	34.71	145.74	69.50
12.4	0.00	404.64	34.71	145.73	69.50
12.6	0.00	404.17	34.77	145.73	69.50
12.8	0.00	404.71	34.77	145.79	69.50
13	0.00	404.27	34.82	145.80	69.50
13.2	0.00	404.45	34.82	145.79	69.49
13.4	0.00	403.60	34.77	145.71	69.50
13.6	0.00	403.26	34.68	145.70	69.50
13.8	0.00	403.13	34.51	145.67	69.50
14	0.00	402.75	34.65	145.64	69.50
14.2	0.00	402.50	34.74	145.56	69.50
14.4	0.00	402.86	34.65	145.51	69.50
14.6	0.00	403.29	34.60	145.46	69.50
14.8	0.00	403.85	34.68	145.47	69.50
15	0.00	404.58	34.68	145.43	69.50
15.2	0.00	404.00	34.71	145.38	69.50
15.4	0.00	404.54	34.71	145.34	69.49
15.6	0.00	404.47	34.71	145.35	69.49
15.8	0.00	404.45	34.60	145.31	69.50
16	0.00	403.70	34.65	145.28	69.48
16.2	0.00	403.34	34.57	145.23	69.48
16.4	0.00	402.96	34.45	145.21	69.48
16.6	0.00	402.72	34.60	145.19	69.48
16.8	0.00	402.83	34.57	145.18	69.49
17	0.00	402.39	35.19	145.15	69.48
17.2	0.00	402.93	35.45	145.11	69.48
17.4	0.00	403.34	35.56	145.11	69.50
17.6	0.00	403.84	35.82	145.11	69.50
17.8	0.00	403.53	36.02	145.08	69.49
18	0.00	404.04	36.05	144.92	69.49
18.2	0.00	404.12	36.08	144.87	69.49
18.4	0.00	404.58	35.62	144.84	69.49
18.6	0.00	403.95	35.42	144.84	69.49
18.8	0.00	404.17	35.48	144.78	69.48
19	0.00	404.27	35.14	144.73	69.48
19.2	0.00	404.42	34.97	144.69	69.49
19.4	0.00	405.03	34.85	144.77	69.49
19.6	0.00	404.98	35.00	144.74	69.49
19.8	0.00	404.85	34.85	144.66	69.50
20	0.00	404.55	35.19	144.62	69.49
20.2	0.00	404.81	35.37	144.59	69.49
20.4	0.00	404.82	35.68	144.54	69.48
20.6	0.00	405.09	35.76	144.48	69.48
20.8	0.00	403.78	35.99	144.40	69.48
21	0.00	403.57	35.79	144.33	69.48
21.2	0.00	403.53	36.02	144.27	69.47
21.4	0.00	402.82	35.65	144.16	69.48
21.6	0.00	402.63	35.56	144.10	69.48
21.8	0.00	402.01	35.39	144.03	69.49
22	0.00	402.36	35.62	144.02	69.49
22.2	0.00	402.75	35.59	144.02	69.49
22.4	0.00	403.30	35.82	143.99	69.49
22.6	0.00	403.70	35.79	143.98	69.49
22.8	0.00	404.32	35.88	143.95	69.49
23	0.00	403.95	35.74	143.94	69.49
23.2	0.00	404.92	35.71	143.89	69.49
23.4	0.00	404.58	35.56	143.84	69.49
23.6	0.00	404.21	35.54	143.80	69.49
23.8	0.00	403.66	35.54	143.73	69.49
24	0.00	402.97	35.65	143.66	69.49
24.2	0.00	403.67	35.62	143.63	69.49
24.4	0.00	403.49	35.93	143.55	69.49
24.6	0.00	402.87	36.02	143.50	69.48
24.8	0.00	402.06	35.08	143.40	69.48
25	0.00	402.82	35.19	143.31	69.48
25.2	0.00	403.60	35.17	143.26	69.48
25.4	0.00	403.58	34.91	143.18	69.48
25.6	0.00	403.04	34.80	143.06	69.48
25.8	0.00	402.93	34.68	142.98	69.48
26	0.00	403.41	34.82	142.91	69.48
26.2	0.00	403.97	35.68	142.86	69.48
26.4	0.00	404.34	35.76	142.78	69.48
26.6	0.00	403.29	35.68	142.68	69.48
26.8	0.00	404.20	36.02	142.63	69.48
27	0.00	403.76	36.19	142.64	69.48
27.2	0.00	404.18	35.99	142.59	69.48
27.4	0.00	403.77	36.19	142.54	69.48
27.6	0.00	404.04	36.39	142.49	69.48
27.8	0.00	402.33	36.33	142.45	69.48
28	0.00	402.79	36.45	142.42	69.48
28.2	0.00	402.59	36.48	142.35	69.48
28.4	0.00	403.16	36.45	142.27	69.48
28.6	0.00	402.93	36.82	142.20	69.48
28.8	0.00	402.59	36.68	142.10	69.50
29	0.00	402.26	36.68	142.05	69.49
29.2	0.00	403.13	36.73	141.96	69.49
29.4	0.00	403.70	36.68	141.87	69.49
29.6	0.00	403.50	36.65	141.81	69.49
29.8	0.00	403.54	36.85	141.74	69.49
30	0.00	403.88	36.73	141.64	69.48
30.2	0.00	403.60	36.76	141.58	69.46
30.4	0.00	403.78	36.56	141.47	69.47
30.6	0.00	403.04	36.65	141.39	69.47
30.8	0.00	402.89	36.56	141.30	69.46
31	0.00	402.86	36.42	141.21	69.46
31.2	0.00	402.50	36.56	141.08	69.46
31.4	0.00	401.92	36.48	141.00	69.47
31.6	0.00	402.52	36.59	140.93	69.47
31.8	0.00	402.53	36.90	140.85	69.47
32	0.00	403.44	36.87	140.65	69.47
32.2	0.00	402.82	37.10	140.58	69.47
32.4	0.00	402.39	37.16	140.51	69.47
32.6	0.00	402.52	37.13	140.47	69.47
32.8	0.00	402.38	37.22	140.41	69.48
33	0.00	402.12	37.42	140.32	69.48
33.2	0.00	401.81	37.47	140.24	69.48
33.4	0.00	401.55	37.50	140.29	69.48
33.6	0.00	401.20	37.70	140.21	69.48
33.8	0.00	401.89	38.21	140.15	69.47
34	0.00	401.94	38.30	140.08	69.47
34.2	0.00	402.33	38.33	140.01	69.46
34.4	0.00	402.35	38.10	139.94	69.46
34.6	0.00	402.65	37.81	139.88	69.46
34.8	0.00	402.77	37.93	139.76	69.46
35	0.00	403.56	37.93	139.69	69.45
35.2	0.00	403.54	37.39	139.61	69.45
35.4	0.00	403.56	37.42	139.52	69.45
35.6	0.00	403.97	37.33	139.44	69.45
35.8	0.00	403.98	37.30	139.37	69.45
36	0.00	404.42	37.76	139.27	69.45
36.2	0.00	404.31	37.59	139.22	69.45
36.4	0.00	404.47	38.04	139.03	69.45
36.6	0.00	403.57	38.87	138.87	69.45
36.8	0.00	403.83	39.61	138.72	69.45
37	0.00	403.58	40.55	138.56	69.45
37.2	0.00	403.61	41.49	138.45	69.44
37.4	0.00	402.59	42.09	138.35	69.44
37.6	0.00	402.96	42.97	138.26	69.44
37.8	0.00	400.98	43.45	138.19	69.46
38	0.00	401.50	43.65	138.17	69.45
38.2	0.00	401.71	43.82	138.14	69.45
38.4	0.00	401.78	44.11	138.14	69.45
38.6	0.00	402.19	44.11	138.05	69.45
38.8	0.00	402.55	44.33	137.97	69.45
39	0.00	402.72	44.39	137.89	69.45
39.2	0.00	404.82	44.48	137.88	69.43
39.4	0.00	405.13	44.45	137.79	69.42
39.6	0.00	405.05	44.36	137.75	69.42
39.8	0.00	404.89	44.42	137.69	69.42
40	0.00	405.18	44.53	137.63	69.42
40.2	0.00	405.42	44.65	137.56	69.41
40.4	0.00	405.32	44.90	137.49	69.41
40.6	0.00	405.21	44.79	137.42	69.42
40.8	0.00	404.94	45.13	137.33	69.43
41	0.00	404.48	45.50	137.23	69.43
41.2	0.00	405.23	45.33	137.12	69.43
41.4	0.00	404.59	45.50	137.05	69.43
41.6	0.00	404.76	45.36	136.99	69.43
41.8	0.00	404.44	45.36	136.93	69.42
42	0.00	403.91	45.53	136.87	69.42
42.2	0.00	403.97	45.56	136.82	69.42
42.4	0.00	403.91	45.50	136.74	69.42
42.6	0.00	403.14	45.90	136.67	69.42
42.8	0.00	403.39	46.04	136.61	69.42
43	0.00	403.03	45.99	136.52	69.42
43.2	0.00	402.99	46.19	136.44	69.41
43.4	0.00	403.64	46.27	136.39	69.42
43.6	0.00	403.61	46.30	136.36	69.42
43.8	0.00	403.66	46.50	136.31	69.42
44	0.00	403.56	46.53	136.26	69.41
44.2	0.00	404.05	45.02	136.19	69.41
44.4	0.00	403.60	45.30	136.13	69.41
44.6	0.00	404.12	45.25	136.07	69.42
44.8	0.00	403.13	45.39	135.97	69.42
45	0.00	402.95	45.33	135.85	69.42
45.2	0.00	403.12	45.33	135.72	69.41
45.4	0.00	403.73	45.30	135.63	69.41
45.6	0.00	403.57	46.78	135.58	69.41
45.8	0.00	404.15	46.81	135.49	69.41
46	0.00	403.87	46.87	135.40	69.41
46.2	0.00	404.51	46.78	135.31	69.41
46.4	0.00	404.89	46.76	135.20	69.41
46.6	0.00	404.14	46.78	135.13	69.41
46.8	0.00	403.30	46.58	134.97	69.44
47	0.00	402.65	46.78	134.88	69.43
47.2	0.00	403.13	46.98	134.80	69.43
47.4	0.00	402.86	47.01	134.73	69.43
47.6	0.00	403.14	46.98	134.62	69.43
47.8	0.00	402.45	47.18	134.57	69.43
48	0.00	403.67	46.78	134.51	69.43
48.2	0.00	403.54	46.90	134.52	69.40
48.4	0.00	404.22	46.95	134.44	69.41
48.6	0.00	403.73	46.76	134.37	69.41
48.8	0.00	404.05	46.84	134.28	69.41
49	0.00	403.67	46.98	134.21	69.41
49.2	0.00	403.68	46.93	134.13	69.41
49.4	0.00	403.30	47.44	134.06	69.41
49.6	0.00	403.61	47.50	133.96	69.41
49.8	0.00	403.53	47.41	133.89	69.42
50	0.00	403.20	47.58	133.78	69.42
50.2	0.00	403.24	48.04	133.70	69.42
50.4	0.00	402.99	47.98	133.65	69.42
50.6	0.00	403.77	47.98	133.54	69.42
50.8	0.00	403.67	47.87	133.44	69.42
51	0.00	404.28	47.95	133.34	69.42
51.2	0.00	404.14	47.81	133.16	69.41
51.4	0.00	404.14	47.75	133.09	69.42
51.6	0.00	403.88	47.24	132.98	69.42
51.8	0.00	404.11	47.41	132.87	69.42
52	0.00	403.73	47.47	132.79	69.42
52.2	0.00	403.58	47.55	132.70	69.42
52.4	0.00	403.47	42.71	132.68	69.42
52.6	0.00	402.96	38.53	132.67	69.41
52.8	0.00	403.58	34.17	132.61	69.41
53	0.00	404.28	30.07	132.58	69.41
53.2	0.00	404.45	25.83	132.52	69.40
53.4	0.00	404.48	21.90	132.48	69.41
53.6	0.00	404.42	17.71	132.39	69.40
53.8	0.00	404.17	18.62	132.28	69.40
54	0.00	404.89	19.22	132.24	69.40
54.2	0.00	403.02	19.73	132.16	69.40
54.4	0.00	402.16	19.93	132.07	69.40
54.6	0.00	401.77	20.53	131.99	69.40
54.8	0.00	401.88	20.64	131.93	69.40
55	0.00	402.04	21.01	131.85	69.41
55.2	0.00	401.88	21.07	131.77	69.41
55.4	0.00	401.74	21.04	131.66	69.41
55.6	0.00	402.86	21.33	131.57	69.41
55.8	0.00	402.70	21.33	131.42	69.43
56	0.00	403.27	21.10	131.35	69.43
56.2	0.00	403.67	21.13	131.25	69.43
56.4	0.00	403.19	21.16	131.19	69.43
56.6	0.00	403.70	21.27	131.08	69.43
56.8	0.00	403.31	21.38	130.99	69.43
57	0.00	403.83	21.21	130.90	69.43
57.2	0.00	404.18	21.27	130.83	69.40
57.4	0.00	403.76	21.36	130.71	69.39
57.6	0.00	403.43	21.41	130.64	69.40
57.8	0.00	403.46	21.38	130.55	69.40
58	0.00	404.48	21.36	130.48	69.39
58.2	0.00	404.65	21.18	130.39	69.39
58.4	0.00	404.64	21.67	130.29	69.39
58.6	0.00	404.47	21.70	130.24	69.39
58.8	0.00	404.88	21.67	130.13	69.41
59	0.00	404.59	21.78	130.01	69.41
59.2	0.00	405.28	21.87	129.91	69.41
59.4	0.00	403.54	21.90	129.99	69.41
59.6	0.00	403.67	21.98	129.90	69.41
59.8	0.00	403.57	21.56	129.84	69.41
60	0.00	404.42	21.67	129.76	69.41
60.2	0.00	404.12	21.78	129.70	69.41
60.4	0.00	404.58	21.84	129.63	69.41
60.6	0.00	404.30	21.78	129.53	69.41
60.8	0.00	404.75	21.61	129.29	69.41
61	0.00	405.28	21.78	129.24	69.41
61.2	0.00	405.18	21.64	129.12	69.42
61.4	0.00	404.82	21.61	129.04	69.42
61.6	0.00	405.21	21.33	128.97	69.42
61.8	0.00	404.12	21.27	128.85	69.43
62	0.00	403.84	21.19	128.74	69.43
62.2	0.00	403.41	21.47	128.65	69.43
62.4	0.00	402.70	21.16	128.52	69.43
62.6	0.00	402.99	21.41	128.44	69.42
62.8	0.00	402.33	21.50	128.33	69.43
63	0.00	402.59	21.67	128.22	69.43
63.2	0.00	403.26	21.64	128.13	69.43
63.4	0.00	403.71	21.70	128.05	69.42
63.6	0.00	404.22	21.47	127.96	69.42
63.8	0.00	404.28	20.59	127.89	69.42
64	0.00	404.04	20.47	127.77	69.42
64.2	0.00	404.66	20.59	127.66	69.42
64.4	0.00	404.39	20.70	127.57	69.42
64.6	0.00	404.38	20.64	127.51	69.42
64.8	0.00	403.84	20.76	127.35	69.44
65	0.00	403.46	20.87	127.28	69.43
65.2	0.00	404.20	22.10	127.20	69.43
65.4	0.00	404.21	22.27	127.16	69.43
65.6	0.00	402.86	22.12	127.09	69.43
65.8	0.00	402.25	22.12	127.02	69.43
66	0.00	402.06	22.21	126.93	69.42
66.2	0.00	402.06	22.38	126.97	69.40
66.4	0.00	402.41	22.49	126.93	69.41
66.6	0.00	401.75	22.52	126.86	69.41
66.8	0.00	401.89	22.47	126.77	69.41
67	0.00	403.49	22.55	126.67	69.40
67.2	0.00	403.83	22.64	126.57	69.40
67.4	0.00	403.87	22.81	126.47	69.41
67.6	0.00	403.76	22.78	126.33	69.41
67.8	0.00	403.85	22.95	126.19	69.41
68	0.00	403.47	23.09	126.10	69.40
68.2	0.00	403.66	23.12	126.00	69.40
68.4	0.00	403.14	23.43	125.98	69.40
68.6	0.00	403.29	23.69	125.83	69.40
68.8	0.00	403.63	23.80	125.77	69.39
69	0.00	403.77	24.12	125.75	69.38
69.2	0.00	403.84	24.52	125.69	69.38
69.4	0.00	403.54	24.57	125.61	69.38
69.6	0.00	402.99	24.86	125.56	69.38
69.8	0.00	403.34	25.43	125.46	69.37
70	0.00	403.40	25.66	125.50	69.37
70.2	0.00	403.03	25.83	125.42	69.37
70.4	0.00	403.54	25.74	125.32	69.36
70.6	0.00	403.07	25.51	125.24	69.36
70.8	0.00	404.27	25.63	125.17	69.36
71	0.00	404.59	25.68	125.07	69.35
71.2	0.00	405.01	25.34	124.99	69.36
71.4	0.00	404.72	25.80	124.91	69.36
71.6	0.00	404.99	25.80	124.79	69.36
71.8	0.00	404.49	25.88	124.73	69.37
72	0.00	404.72	25.88	124.63	69.37
72.2	0.00	403.90	25.83	124.53	69.38
72.4	0.00	404.27	25.71	124.43	69.38
72.6	0.00	403.94	25.66	124.32	69.39
72.8	0.00	403.60	24.94	124.21	69.39
73	0.00	404.07	24.52	124.14	69.39
73.2	0.00	404.49	24.26	124.00	69.39
73.4	0.00	404.86	24.15	123.91	69.39
73.6	0.00	404.88	24.23	123.82	69.39
73.8	0.00	404.71	24.23	123.66	69.41
74	0.00	404.81	24.15	123.69	69.40
74.2	0.00	405.40	24.20	123.61	69.40
74.4	0.00	404.68	24.66	123.52	69.40
74.6	0.00	404.48	24.94	123.46	69.40
74.8	0.00	403.87	25.23	123.35	69.40
75	0.00	404.28	25.14	123.27	69.40
75.2	0.00	403.87	25.03	123.27	69.37
75.4	0.00	403.51	25.11	123.07	69.38
75.6	0.00	403.00	25.09	123.02	69.38
75.8	0.00	403.53	25.20	122.91	69.37
76	0.00	403.61	24.83	122.83	69.37
76.2	0.00	404.07	24.18	122.75	69.37
76.4	0.00	403.46	24.23	122.67	69.37
76.6	0.00	403.46	24.32	122.55	69.38
76.8	0.00	403.84	24.15	122.47	69.38
77	0.00	403.61	23.98	122.35	69.38
77.2	0.00	403.46	23.80	122.28	69.39
77.4	0.00	403.23	23.98	122.17	69.39
77.6	0.00	403.24	24.32	122.06	69.40
77.8	0.00	403.39	24.20	121.81	69.40
78	0.00	403.88	24.06	121.71	69.41
78.2	0.00	403.46	23.95	121.60	69.41
78.4	0.00	404.07	23.89	121.51	69.41
78.6	0.00	403.63	23.86	121.38	69.41
78.8	0.00	403.94	23.86	121.29	69.41
79	0.00	403.94	23.89	121.24	69.41
79.2	0.00	404.10	23.83	121.30	69.41
79.4	0.00	403.63	24.12	121.22	69.40
79.6	0.00	403.61	24.32	121.13	69.40
79.8	0.00	403.66	24.37	121.02	69.40
80	0.00	404.00	24.20	120.95	69.40
80.2	0.00	404.52	24.12	120.87	69.40
80.4	0.00	404.35	24.09	120.78	69.40
80.6	0.00	404.58	24.00	120.73	69.40
80.8	0.00	405.08	23.89	120.66	69.41
81	0.00	404.86	23.69	120.60	69.41
81.2	0.00	405.11	23.78	120.52	69.41
81.4	0.00	403.81	23.86	120.44	69.41
81.6	0.00	403.33	23.72	120.36	69.41
81.8	0.00	402.83	23.66	120.25	69.41
82	0.00	402.80	23.80	120.13	69.41
82.2	0.00	402.11	23.89	120.06	69.40
82.4	0.00	402.52	23.83	120.00	69.40
82.6	0.00	401.77	23.83	119.92	69.40
82.8	0.00	402.87	23.69	119.82	69.42
83	0.00	402.87	23.95	119.77	69.41
83.2	0.00	404.35	23.98	119.72	69.41
83.4	0.00	403.83	23.89	119.63	69.41
83.6	0.00	404.17	23.66	119.50	69.41
83.8	0.00	404.44	23.75	119.39	69.41
84	0.00	404.75	23.52	119.29	69.41
84.2	0.00	405.01	23.63	119.22	69.39
84.4	0.00	404.98	23.43	119.08	69.40
84.6	0.00	404.24	23.32	118.98	69.38
84.8	0.00	404.42	23.26	118.88	69.38
85	0.00	404.67	23.35	118.82	69.38
85.2	0.00	405.08	23.49	118.74	69.38
85.4	0.00	405.39	23.61	118.66	69.37
85.6	0.00	404.57	23.72	118.59	69.38
85.8	0.00	404.78	23.86	118.53	69.37
86	0.00	404.28	24.00	118.45	69.39
86.2	0.00	404.61	24.09	118.37	69.40
86.4	0.00	404.61	24.03	118.29	69.39
86.6	0.00	403.81	23.95	118.28	69.40
86.8	0.00	403.44	24.00	118.23	69.40
87	0.00	403.84	23.89	118.15	69.39
87.2	0.00	403.66	23.98	118.07	69.39
87.4	0.00	403.61	23.83	117.98	69.39
87.6	0.00	403.44	23.86	117.92	69.39
87.8	0.00	402.25	23.72	117.86	69.39
88	0.00	402.14	23.63	117.71	69.39
88.2	0.00	401.64	23.72	117.61	69.39
88.4	0.00	402.04	23.66	117.56	69.39
88.6	0.00	401.79	23.69	117.48	69.39
88.8	0.00	402.55	23.86	117.45	69.39
89	0.00	402.46	23.75	117.38	69.39
89.2	0.00	403.40	23.98	117.30	69.39
89.4	0.00	403.80	24.00	117.20	69.39
89.6	0.00	404.20	23.95	117.10	69.39
89.8	0.00	404.17	23.80	116.99	69.39
90	0.00	404.45	23.72	116.92	69.39
90.2	0.00	403.60	23.69	116.78	69.39
90.4	0.00	403.31	23.78	116.69	69.39
90.6	0.00	403.47	24.00	116.60	69.39
90.8	0.00	403.53	23.95	116.54	69.39
91	0.00	403.66	24.12	116.46	69.39
91.2	0.00	403.29	24.29	116.39	69.39
91.4	0.00	402.99	24.20	116.31	69.39
91.6	0.00	403.46	24.37	116.25	69.39
91.8	0.00	403.64	24.29	116.13	69.40
92	0.00	404.34	24.29	116.08	69.39
92.2	0.00	404.14	24.26	115.93	69.39
92.4	0.00	404.84	24.12	115.87	69.39
92.6	0.00	404.76	24.15	115.81	69.39
92.8	0.00	405.43	24.26	115.72	69.39
93	0.00	404.98	24.23	115.60	69.39
93.2	0.00	405.45	24.35	115.57	69.38
93.4	0.00	404.37	24.00	115.49	69.39
93.6	0.00	404.62	24.06	115.47	69.39
93.8	0.00	403.74	24.06	115.36	69.39
94	0.00	404.39	24.17	115.28	69.39
94.2	0.00	403.87	24.03	115.22	69.39
94.4	0.00	404.20	24.15	115.20	69.38
94.6	0.00	403.50	24.15	115.11	69.39
94.8	0.00	403.56	24.40	115.03	69.38
95	0.00	403.57	24.46	114.96	69.38
95.2	0.00	403.93	24.46	114.91	69.38
95.4	0.00	403.81	24.37	114.80	69.39
95.6	0.00	404.11	24.40	114.68	69.39
95.8	0.00	404.64	24.20	114.57	69.39
96	0.00	404.95	24.23	114.57	69.39
96.2	0.00	405.11	24.20	114.47	69.39
96.4	0.00	404.85	24.26	114.41	69.38
96.6	0.00	405.09	24.43	114.31	69.38
96.8	0.00	404.72	24.54	114.24	69.38
97	0.00	404.96	24.69	114.19	69.38
97.2	0.00	404.58	24.80	114.13	69.38
97.4	0.00	404.42	24.69	113.95	69.38
97.6	0.00	404.57	24.77	113.83	69.38
97.8	0.00	404.72	24.74	113.74	69.37
98	0.00	404.44	24.57	113.68	69.37
98.2	0.00	404.58	24.49	113.63	69.37
98.4	0.00	404.37	24.43	113.55	69.37
98.6	0.00	404.18	24.40	113.49	69.37
98.8	0.00	404.18	24.63	113.45	69.37
99	0.00	403.70	24.66	113.46	69.36
99.2	0.00	403.94	24.52	113.39	69.38
99.4	0.00	403.83	24.66	113.31	69.36
99.6	0.00	403.95	24.69	113.23	69.36
99.8	0.00	403.60	24.69	113.07	69.37
100	0.00	403.43	24.89	112.97	69.37
100.2	0.00	403.64	24.69	112.87	69.37
100.4	0.00	404.12	24.55	112.75	69.37
100.6	0.00	403.07	24.63	112.63	69.37
100.8	0.00	402.46	24.49	112.49	69.39
101	0.00	402.28	24.09	112.42	69.38
101.2	0.00	402.15	24.20	112.39	69.38
101.4	0.00	402.59	23.98	112.31	69.38
101.6	0.00	402.43	23.95	112.25	69.38
101.8	0.00	402.82	23.92	112.21	69.38
102	0.00	403.26	23.92	112.14	69.38
102.2	0.00	404.07	24.23	112.13	69.37
102.4	0.00	403.57	24.40	112.03	69.38
102.6	0.00	403.90	23.89	112.00	69.38
102.8	0.00	403.49	23.92	111.92	69.37
103	0.00	404.30	24.09	111.86	69.37
103.2	0.00	403.84	24.12	111.78	69.37
103.4	0.00	404.20	24.09	111.73	69.37
103.6	0.00	404.20	23.86	111.66	69.37
103.8	0.00	404.98	24.00	111.63	69.37
104	0.00	405.13	24.40	111.51	69.37
104.2	0.00	405.43	24.29	111.42	69.38
104.4	0.00	405.35	24.23	111.32	69.37
104.6	0.00	404.99	24.20	111.25	69.37
104.8	0.00	405.23	23.01	111.15	69.38
105	0.00	405.15	23.12	111.07	69.38
105.2	0.00	405.18	23.15	110.95	69.37
105.4	0.00	404.72	22.72	110.90	69.37
105.6	0.00	404.58	22.84	110.84	69.37
105.8	0.00	404.34	22.69	110.75	69.37
106	0.00	404.84	22.64	110.65	69.37
106.2	0.00	404.37	23.86	110.59	69.37
106.4	0.00	404.05	23.78	110.55	69.37
106.6	0.00	403.90	23.86	110.45	69.36
106.8	0.00	404.05	24.23	110.37	69.36
107	0.00	404.12	24.26	110.28	69.36
107.2	0.00	403.51	24.32	110.22	69.36
107.4	0.00	403.47	24.40	110.17	69.36
107.6	0.00	403.14	25.71	110.09	69.37
107.8	0.00	404.22	25.57	110.00	69.37
108	0.00	404.20	25.71	109.96	69.38
108.2	0.00	404.41	25.63	109.93	69.38
108.4	0.00	404.89	25.71	109.89	69.38
108.6	0.00	404.84	25.63	109.82	69.38
108.8	0.00	404.66	25.63	109.74	69.38
109	0.00	404.57	24.40	109.66	69.38
109.2	0.00	404.35	24.52	109.60	69.37
109.4	0.00	404.32	24.43	109.50	69.38
109.6	0.00	404.11	24.55	109.40	69.37
109.8	0.00	403.83	24.72	109.20	69.38
110	0.00	404.42	24.74	109.14	69.37
110.2	0.00	404.82	24.77	109.09	69.37
110.4	0.00	405.39	24.89	109.04	69.37
110.6	0.00	405.25	24.77	108.94	69.37
110.8	0.00	405.15	24.80	108.88	69.37
111	0.00	405.49	25.26	108.82	69.37
111.2	0.00	405.09	25.14	108.87	69.36
111.4	0.00	405.40	25.29	108.79	69.37
111.6	0.00	405.36	25.37	108.70	69.37
111.8	0.00	405.13	25.31	108.60	69.37
112	0.00	404.54	25.26	108.54	69.37
112.2	0.00	404.00	25.34	108.46	69.37
112.4	0.00	403.37	24.86	108.38	69.37
112.6	0.00	403.81	24.89	108.36	69.37
112.8	0.00	403.51	24.86	108.27	69.35
113	0.00	403.53	24.69	108.17	69.35
113.2	0.00	404.14	24.77	108.13	69.35
113.4	0.00	403.83	24.94	108.05	69.35
113.6	0.00	404.66	24.86	107.99	69.35
113.8	0.00	405.08	24.86	107.93	69.35
114	0.00	404.96	24.72	107.83	69.35
114.2	0.00	404.27	24.63	107.68	69.37
114.4	0.00	403.77	24.77	107.66	69.37
114.6	0.00	403.43	24.77	107.59	69.37
114.8	0.00	403.60	24.74	107.53	69.37
115	0.00	403.14	24.66	107.45	69.37
115.2	0.00	403.71	24.60	107.40	69.37
115.4	0.00	403.83	24.12	107.31	69.38
115.6	0.00	404.34	24.26	107.32	69.38
115.8	0.00	404.88	24.12	107.26	69.37
116	0.00	404.59	24.15	107.20	69.37
116.2	0.00	404.74	23.98	107.12	69.37
116.4	0.00	404.82	24.17	107.05	69.37
116.6	0.00	404.31	24.23	106.93	69.36
116.8	0.00	403.93	24.66	106.86	69.36
117	0.00	403.98	24.57	106.77	69.36
117.2	0.00	404.01	24.60	106.66	69.36
117.4	0.00	404.67	24.66	106.58	69.36
117.6	0.00	404.61	24.69	106.51	69.36
117.8	0.00	405.15	24.54	106.43	69.36
118	0.00	404.95	24.52	106.27	69.36
118.2	0.00	404.71	24.63	106.20	69.36
118.4	0.00	404.99	24.69	106.16	69.36
118.6	0.00	404.47	24.83	106.03	69.36
118.8	0.00	404.05	24.55	105.91	69.37
119	0.00	404.24	24.66	105.88	69.36
119.2	0.00	404.45	24.89	105.84	69.36
119.4	0.00	404.39	24.86	105.91	69.36
119.6	0.00	404.64	24.92	105.85	69.36
119.8	0.00	404.24	24.86	105.80	69.36
120	0.00	404.99	24.63	105.80	69.36
120.2	0.00	404.76	24.80	105.70	69.35
120.4	0.00	404.64	24.52	105.61	69.36
120.6	0.00	404.57	24.29	105.57	69.36
120.8	0.00	404.92	24.46	105.46	69.36
121	0.00	404.74	24.29	105.38	69.37
121.2	0.00	404.81	24.46	105.32	69.37
121.4	0.00	404.61	24.89	105.26	69.37
121.6	0.00	405.32	24.97	105.31	69.37
121.8	0.00	405.79	25.34	105.24	69.37
122	0.00	405.50	25.54	105.13	69.37
122.2	0.00	405.77	25.66	105.09	69.36
122.4	0.00	406.23	25.80	105.03	69.36
122.6	0.00	406.00	25.77	104.94	69.36
122.8	0.00	405.39	25.54	104.89	69.36
123	0.00	404.45	25.68	104.78	69.36
123.2	0.00	404.37	25.74	104.73	69.36
123.4	0.00	403.71	25.71	104.71	69.35
123.6	0.00	403.63	25.71	104.52	69.35
123.8	0.00	403.07	25.63	104.46	69.36
124	0.00	403.41	25.80	104.43	69.36
124.2	0.00	403.12	25.85	104.48	69.36
124.4	0.00	403.29	25.77	104.46	69.36
124.6	0.00	403.20	25.77	104.41	69.36
124.8	0.00	403.56	25.71	104.29	69.36
125	0.00	403.30	25.85	104.37	69.36
125.2	0.00	403.46	26.08	104.33	69.36
125.4	0.00	403.57	25.94	104.25	69.36
125.6	0.00	403.41	25.91	104.06	69.36
125.8	0.00	403.57	25.88	103.99	69.36
126	0.00	403.36	24.77	103.91	69.36
126.2	0.00	403.57	24.63	103.87	69.36
126.4	0.00	403.16	24.49	103.77	69.36
126.6	0.00	403.87	24.46	103.69	69.36
126.8	0.00	403.85	24.52	103.61	69.35
127	0.00	404.22	24.66	103.54	69.35
127.2	0.00	404.21	24.74	103.46	69.35
127.4	0.00	404.17	26.05	103.40	69.35
127.6	0.00	404.49	26.31	103.32	69.35
127.8	0.00	404.48	26.37	103.23	69.35
128	0.00	404.31	26.20	103.15	69.34
128.2	0.00	404.11	26.14	103.10	69.34
128.4	0.00	404.15	26.20	103.04	69.34
128.6	0.00	403.91	25.88	102.96	69.34
128.8	0.00	403.90	26.05	102.88	69.34
129	0.00	404.05	25.94	102.83	69.34
129.2	0.00	404.15	25.88	102.82	69.34
129.4	0.00	403.64	25.85	102.77	69.35
129.6	0.00	403.56	25.91	102.70	69.35
129.8	0.00	404.47	25.88	102.63	69.35
130	0.00	404.72	26.08	102.60	69.35
130.2	0.00	405.15	25.94	102.54	69.35
130.4	0.00	404.58	26.17	102.36	69.34
130.6	0.00	405.09	26.34	102.30	69.35
130.8	0.00	405.22	26.74	102.23	69.35
131	0.00	405.49	26.82	102.21	69.34
131.2	0.00	404.62	26.79	102.15	69.34
131.4	0.00	404.69	26.82	102.10	69.34
131.6	0.00	404.22	26.62	102.05	69.34
131.8	0.00	404.17	26.71	102.14	69.34
132	0.00	404.40	26.62	102.09	69.33
132.2	0.00	404.51	26.82	102.07	69.33
132.4	0.00	404.40	26.94	101.99	69.32
132.6	0.00	404.69	27.16	102.14	69.32
132.8	0.00	404.37	27.39	102.09	69.32
133	0.00	404.17	27.48	102.04	69.32
133.2	0.00	404.17	27.65	101.98	69.32
133.4	0.00	403.30	27.65	101.91	69.32
133.6	0.00	403.13	27.34	101.82	69.33
133.8	0.00	403.60	27.08	101.75	69.33
134	0.00	403.67	26.77	101.46	69.33
134.2	0.00	403.95	26.60	101.38	69.33
134.4	0.00	404.21	26.54	101.28	69.33
134.6	0.00	404.37	26.08	101.17	69.34
134.8	0.00	404.81	25.97	101.09	69.33
135	0.00	405.18	25.80	101.00	69.34
135.2	0.00	404.22	25.80	100.95	69.34
135.4	0.00	404.22	25.68	100.88	69.34
135.6	0.00	404.14	25.40	100.77	69.34
135.8	0.00	404.71	25.11	100.69	69.34
136	0.00	404.44	25.06	100.51	69.34
136.2	0.00	403.94	24.72	100.44	69.35
136.4	0.00	404.15	24.60	100.34	69.35
136.6	0.00	404.61	25.00	100.24	69.35
136.8	0.00	404.94	25.00	100.18	69.36
137	0.00	404.57	25.09	100.17	69.36
137.2	0.00	404.32	24.80	100.13	69.35
137.4	0.00	404.25	24.77	100.16	69.35
137.6	0.00	404.54	25.06	100.04	69.35
137.8	0.00	404.17	25.11	100.00	69.34
138	0.00	404.42	24.63	99.94	69.34
138.2	0.00	404.04	24.69	99.89	69.34
138.4	0.00	404.37	24.83	99.76	69.31
138.6	0.00	404.24	25.00	99.68	69.31
138.8	0.00	404.49	25.09	99.63	69.31
139	0.00	405.13	25.11	99.62	69.31
139.2	0.00	404.86	25.14	99.57	69.31
139.4	0.00	404.27	25.29	99.53	69.31
139.6	0.00	403.98	25.34	99.45	69.31
139.8	0.00	403.87	25.31	99.41	69.35
140	0.00	403.17	25.43	99.37	69.34
140.2	0.00	402.90	25.43	99.30	69.34
140.4	0.00	402.33	25.46	99.24	69.34
140.6	0.00	402.48	25.43	99.20	69.34
140.8	0.00	402.40	25.26	99.13	69.34
141	0.00	402.60	25.09	98.97	69.34
141.2	0.00	402.86	25.09	98.94	69.34
141.4	0.00	403.26	25.40	98.87	69.34
141.6	0.00	403.57	25.40	98.84	69.34
141.8	0.00	402.25	25.46	98.82	69.33
142	0.00	402.77	25.63	98.77	69.33
142.2	0.00	402.46	26.45	98.74	69.33
142.4	0.00	402.83	26.60	98.80	69.33
142.6	0.00	402.12	26.79	98.73	69.33
142.8	0.00	402.90	26.74	98.65	69.33
143	0.00	402.55	26.85	98.60	69.32
143.2	0.00	403.66	26.91	98.52	69.32
143.4	0.00	403.47	26.77	98.43	69.33
143.6	0.00	404.10	26.31	98.36	69.33
143.8	0.00	404.12	26.40	98.28	69.33
144	0.00	404.24	26.34	98.22	69.34
144.2	0.00	403.40	26.51	98.18	69.34
144.4	0.00	403.54	26.57	98.10	69.34
144.6	0.00	404.01	26.60	98.06	69.34
144.8	0.00	403.67	26.68	98.03	69.35
145	0.00	403.49	26.68	97.97	69.35
145.2	0.00	402.99	26.62	97.93	69.34
145.4	0.00	403.14	26.62	97.89	69.33
145.6	0.00	403.07	26.51	97.83	69.34
145.8	0.00	403.60	26.37	97.79	69.34
146	0.00	403.81	26.40	97.81	69.33
146.2	0.00	403.83	26.42	97.76	69.33
146.4	0.00	404.35	26.11	97.71	69.33
146.6	0.00	404.03	26.28	97.67	69.33
146.8	0.00	404.42	26.11	97.61	69.33
147	0.00	404.72	26.14	97.58	69.32
147.2	0.00	404.31	26.22	97.53	69.32
147.4	0.00	403.43	26.11	97.41	69.32
147.6	0.00	403.26	26.11	97.32	69.32
147.8	0.00	403.02	26.37	97.27	69.32
148	0.00	404.00	26.00	97.21	69.31
148.2	0.00	403.64	26.34	97.16	69.31
148.4	0.00	403.60	26.31	97.09	69.31
148.6	0.00	402.94	26.23	97.09	69.31
148.8	0.00	403.98	26.42	97.02	69.31
149	0.00	404.62	26.37	96.98	69.31
149.2	0.00	404.47	26.23	96.91	69.31
149.4	0.00	403.73	26.25	96.83	69.31
149.6	0.00	403.90	25.91	96.77	69.32
149.8	0.00	403.76	25.51	96.68	69.32
150	0.00	404.08	25.43	96.56	69.32
150.2	0.00	403.95	25.17	96.44	69.32
150.4	0.00	403.63	25.31	96.39	69.35
150.6	0.00	403.60	25.31	96.34	69.35
150.8	0.00	403.24	25.34	96.31	69.35
151	0.00	403.81	25.54	96.25	69.35
151.2	0.00	403.56	25.88	96.24	69.34
151.4	0.00	403.78	26.14	96.20	69.34
151.6	0.00	402.92	26.25	96.22	69.34
151.8	0.00	402.86	26.17	96.14	69.32
152	0.00	402.60	26.20	96.12	69.31
152.2	0.00	403.37	26.34	96.06	69.30
152.4	0.00	403.02	26.17	95.96	69.30
152.6	0.00	403.49	26.03	95.88	69.30
152.8	0.00	403.44	25.86	95.84	69.30
153	0.00	403.57	25.29	95.77	69.31
153.2	0.00	403.74	25.17	95.71	69.30
153.4	0.00	403.71	25.20	95.62	69.32
153.6	0.00	403.41	25.03	95.51	69.32
153.8	0.00	403.39	25.03	95.51	69.32
154	0.00	403.74	25.20	95.41	69.32
154.2	0.00	403.19	25.23	95.31	69.32
154.4	0.00	403.51	25.37	95.23	69.32
154.6	0.00	403.19	25.68	95.16	69.32
154.8	0.00	404.12	25.66	95.09	69.32
155	0.00	404.39	25.80	95.07	69.31
155.2	0.00	404.41	25.94	94.99	69.33
155.4	0.00	404.25	25.66	94.95	69.33
155.6	0.00	405.02	25.77	94.84	69.33
155.8	0.00	405.15	26.03	94.80	69.32
156	0.00	404.92	25.71	94.74	69.32
156.2	0.00	404.27	25.11	94.70	69.32
156.4	0.00	403.98	25.03	94.65	69.32
156.6	0.00	403.73	25.09	94.59	69.31
156.8	0.00	403.77	25.06	94.55	69.32
157	0.00	403.30	24.86	94.55	69.32
157.2	0.00	402.63	24.97	94.47	69.32
157.4	0.00	402.46	25.14	94.44	69.32
157.6	0.00	402.72	25.51	94.38	69.32
157.8	0.00	403.24	25.71	94.31	69.32
158	0.00	402.52	25.48	94.26	69.32
158.2	0.00	402.93	25.83	94.23	69.32
158.4	0.00	403.31	25.85	94.17	69.33
158.6	0.00	404.00	25.71	94.14	69.33
158.8	0.00	404.49	25.63	94.07	69.33
159	0.00	404.21	25.68	93.97	69.33
159.2	0.00	403.70	25.63	93.89	69.33
159.4	0.00	405.25	25.51	93.84	69.33
159.6	0.00	403.83	25.29	93.72	69.33
159.8	0.00	403.95	25.23	93.60	69.32
160	0.00	403.50	25.11	93.50	69.31
160.2	0.00	404.18	25.17	93.47	69.31
160.4	0.00	403.80	25.14	93.39	69.32
160.6	0.00	404.00	24.97	93.34	69.32
160.8	0.00	403.53	24.92	93.27	69.32
161	0.00	404.28	25.06	93.22	69.32
161.2	0.00	404.31	25.09	93.21	69.32
161.4	0.00	404.00	25.09	93.26	69.34
161.6	0.00	403.20	24.72	93.18	69.34
161.8	0.00	403.68	24.72	93.20	69.34
162	0.00	403.70	24.86	93.13	69.33
162.2	0.00	403.31	24.89	93.10	69.33
162.4	0.00	402.95	24.89	93.06	69.33
162.6	0.00	402.66	24.72	93.00	69.34
162.8	0.00	403.33	24.72	92.86	69.34
163	0.00	403.36	25.03	92.83	69.34
163.2	0.00	404.25	25.06	92.76	69.34
163.4	0.00	403.84	25.09	92.74	69.34
163.6	0.00	404.51	25.00	92.67	69.34
163.8	0.00	404.84	25.17	92.66	69.33
164	0.00	405.43	25.26	92.64	69.32
164.2	0.00	405.38	25.48	92.60	69.31
164.4	0.00	405.28	25.74	92.55	69.30
164.6	0.00	404.59	26.00	92.50	69.30
164.8	0.00	405.21	26.31	92.47	69.30
165	0.00	404.34	26.74	92.44	69.29
165.2	0.00	404.52	26.74	92.39	69.29
165.4	0.00	404.30	26.94	92.34	69.29
165.6	0.00	404.54	27.25	92.22	69.30
165.8	0.00	404.54	27.05	92.18	69.29
166	0.00	404.17	27.02	92.14	69.29
166.2	0.00	403.56	26.82	92.10	69.29
166.4	0.00	404.15	26.91	92.05	69.30
166.6	0.00	404.18	27.08	92.00	69.30
166.8	0.00	403.76	27.02	91.96	69.30
167	0.00	403.78	27.02	91.99	69.30
167.2	0.00	403.31	27.08	92.13	69.31
167.4	0.00	403.71	27.28	92.09	69.30
167.6	0.00	403.40	27.22	91.99	69.31
167.8	0.00	403.73	27.11	91.94	69.31
168	0.00	403.20	27.02	91.87	69.31
168.2	0.00	403.37	26.99	91.81	69.31
168.4	0.00	402.46	27.19	91.74	69.31
168.6	0.00	403.37	27.05	91.49	69.32
168.8	0.00	403.07	26.88	91.39	69.32
169	0.00	403.80	27.02	91.34	69.33
169.2	0.00	403.60	27.02	91.31	69.33
169.4	0.00	404.34	27.85	91.25	69.32
169.6	0.00	404.39	28.08	91.16	69.32
169.8	0.00	404.59	27.62	91.10	69.32
170	0.00	404.82	27.68	91.04	69.32
170.2	0.00	404.74	27.76	91.02	69.31
170.4	0.00	404.61	27.39	91.01	69.31
170.6	0.00	403.58	27.42	90.91	69.31
170.8	0.00	403.71	26.45	90.84	69.31
171	0.00	403.43	27.59	90.82	69.31
171.2	0.00	403.37	27.59	90.77	69.31
171.4	0.00	402.62	27.59	90.72	69.31
171.6	0.00	402.96	27.68	90.66	69.32
171.8	0.00	402.63	28.02	90.56	69.31
172	0.00	403.33	28.08	90.57	69.31
172.2	0.00	403.20	28.08	90.54	69.30
172.4	0.00	403.19	26.82	90.48	69.31
172.6	0.00	403.64	26.37	90.46	69.31
172.8	0.00	404.42	26.48	90.40	69.31
173	0.00	404.22	26.45	90.39	69.30
173.2	0.00	405.36	26.31	90.37	69.29
173.4	0.00	405.46	26.48	90.28	69.29
173.6	0.00	405.39	26.42	90.24	69.30
173.8	0.00	405.87	26.51	90.21	69.30
174	0.00	405.62	27.16	90.13	69.29
174.2	0.00	405.39	26.99	90.06	69.29
174.4	0.00	405.12	26.79	89.96	69.30
174.6	0.00	404.84	26.77	89.84	69.31
174.8	0.00	404.17	26.45	89.78	69.31
175	0.00	404.00	26.40	89.70	69.31
175.2	0.00	403.73	26.28	89.65	69.31
175.4	0.00	404.24	26.20	89.59	69.31
175.6	0.00	403.98	26.17	89.56	69.32
175.8	0.00	404.47	26.17	89.54	69.32
176	0.00	404.39	26.05	89.53	69.32
176.2	0.00	404.51	26.25	89.44	69.32
176.4	0.00	404.69	26.28	89.38	69.32
176.6	0.00	404.79	26.20	89.31	69.32
176.8	0.00	404.11	26.05	89.27	69.32
177	0.00	403.68	25.97	89.20	69.32
177.2	0.00	403.64	25.91	89.11	69.32
177.4	0.00	402.93	25.83	88.81	69.32
177.6	0.00	403.51	25.54	88.79	69.32
177.8	0.00	402.53	25.46	88.77	69.32
178	0.00	402.49	25.37	88.72	69.32
178.2	0.00	402.92	25.57	88.66	69.33
178.4	0.00	404.03	25.74	88.62	69.33
178.6	0.00	403.97	26.40	88.56	69.33
178.8	0.00	403.87	26.60	88.77	69.33
179	0.00	403.77	26.71	88.71	69.33
179.2	0.00	404.04	26.94	88.64	69.32
179.4	0.00	404.47	26.99	88.58	69.33
179.6	0.00	404.08	26.85	88.56	69.32
179.8	0.00	404.13	26.79	88.53	69.34
180	0.00	404.35	26.14	88.48	69.33
180.2	0.00	405.29	25.66	88.41	69.33
180.4	0.00	405.69	25.63	88.36	69.33
180.6	0.00	406.68	25.43	88.31	69.33
180.8	0.00	406.30	25.51	88.24	69.33
181	0.00	407.02	25.40	88.14	69.33
181.2	0.00	406.30	25.34	87.99	69.32
181.4	0.00	406.09	25.29	87.91	69.33
181.6	0.00	405.32	25.60	87.84	69.33
181.8	0.00	405.16	25.54	87.80	69.33
182	0.00	404.00	25.54	87.75	69.32
182.2	0.00	404.05	25.51	87.69	69.32
182.4	0.00	403.76	25.17	87.65	69.32
182.6	0.00	403.46	25.06	87.66	69.33
182.8	0.00	403.57	25.11	87.61	69.32
183	0.00	403.84	25.26	87.58	69.33
183.2	0.00	403.80	25.26	87.52	69.33
183.4	0.00	404.35	25.26	87.49	69.34
183.6	0.00	404.34	25.34	87.46	69.34
183.8	0.00	403.88	25.83	87.42	69.34
184	0.00	404.35	25.60	87.40	69.34
184.2	0.00	403.93	25.60	87.38	69.34
184.4	0.00	404.25	25.51	87.34	69.32
184.6	0.00	404.04	25.37	87.29	69.32
184.8	0.00	404.27	25.31	87.24	69.32
185	0.00	404.18	25.17	87.20	69.32
185.2	0.00	404.48	25.11	87.16	69.31
185.4	0.00	404.42	25.31	87.09	69.31
185.6	0.00	404.96	25.34	87.03	69.31
185.8	0.00	405.30	25.23	86.97	69.31
186	0.00	404.74	25.31	86.91	69.31
186.2	0.00	404.54	25.77	86.83	69.31
186.4	0.00	404.44	25.85	86.75	69.31
186.6	0.00	404.64	25.80	86.68	69.32
186.8	0.00	404.30	26.20	86.63	69.32
187	0.00	404.04	26.20	86.57	69.32
187.2	0.00	403.09	26.40	86.58	69.31
187.4	0.00	403.61	26.60	86.53	69.30
187.6	0.00	403.53	26.23	86.51	69.30
187.8	0.00	403.73	26.34	86.48	69.30
188	0.00	402.75	26.42	86.44	69.30
188.2	0.00	402.85	26.28	86.43	69.30
188.4	0.00	403.23	26.45	86.43	69.30
188.6	0.00	403.20	26.57	86.34	69.30
188.8	0.00	403.66	26.54	86.33	69.32
189	0.00	403.26	26.54	86.28	69.32
189.2	0.00	403.14	26.42	86.25	69.32
189.4	0.00	404.15	26.42	86.17	69.32
189.6	0.00	404.04	26.28	86.10	69.32
189.8	0.00	403.73	26.20	86.04	69.32
190	0.00	404.69	26.03	85.99	69.32
190.2	0.00	404.58	26.05	85.92	69.32
190.4	0.00	404.91	26.08	85.85	69.32
190.6	0.00	404.89	26.20	85.83	69.32
190.8	0.00	403.97	26.28	85.81	69.32
191	0.00	404.61	26.37	85.95	69.31
191.2	0.00	404.48	26.40	85.90	69.31
191.4	0.00	404.14	26.42	85.84	69.31
191.6	0.00	403.66	26.45	85.79	69.31
191.8	0.00	404.30	26.54	85.74	69.31
192	0.00	404.18	26.40	85.69	69.31
192.2	0.00	405.50	27.11	85.65	69.31
192.4	0.00	403.56	27.11	85.45	69.32
192.6	0.00	404.00	27.22	85.37	69.32
192.8	0.00	403.50	27.42	85.34	69.32
193	0.00	403.54	27.36	85.29	69.32
193.2	0.00	402.89	27.31	85.26	69.31
193.4	0.00	402.85	27.51	85.21	69.31
193.6	0.00	402.33	26.79	85.16	69.31
193.8	0.00	403.67	26.77	84.98	69.31
194	0.00	403.33	26.60	84.95	69.31
194.2	0.00	403.60	26.34	84.94	69.31
194.4	0.00	404.05	26.40	84.95	69.31
194.6	0.00	403.71	26.60	84.94	69.31
194.8	0.00	403.94	26.42	84.88	69.31
195	0.00	403.71	26.42	84.84	69.31
195.2	0.00	404.03	26.54	84.91	69.31
195.4	0.00	403.88	26.57	84.88	69.31
195.6	0.00	403.88	26.62	84.81	69.31
195.8	0.00	403.31	26.51	84.73	69.31
196	0.00	404.01	26.42	84.63	69.31
196.2	0.00	403.87	26.37	84.58	69.33
196.4	0.00	404.28	26.48	84.53	69.32
196.6	0.00	404.79	26.37	84.45	69.32
196.8	0.00	404.25	26.31	84.40	69.33
197	0.00	404.81	26.37	84.35	69.33
197.2	0.00	405.06	26.31	84.30	69.33
197.4	0.00	405.02	26.37	84.29	69.32
197.6	0.00	404.55	26.62	84.24	69.31
197.8	0.00	404.71	26.54	84.21	69.31
198	0.00	403.84	26.65	84.20	69.31
198.2	0.00	404.61	26.74	84.25	69.31
198.4	0.00	404.11	26.88	84.23	69.32
198.6	0.00	404.17	26.91	84.20	69.31
198.8	0.00	403.90	26.91	84.17	69.32
199	0.00	403.91	26.85	84.13	69.32
199.2	0.00	403.78	26.71	84.07	69.32
199.4	0.00	403.85	26.91	84.05	69.32
199.6	0.00	403.87	26.97	83.90	69.32
199.8	0.00	403.31	26.97	83.86	69.31
200	0.00	403.83	27.14	83.85	69.30
200.2	0.00	404.04	27.11	83.84	69.30
200.4	0.00	405.01	26.91	83.84	69.30
200.6	0.00	405.25	27.08	83.78	69.28
200.8	0.00	406.14	26.91	83.74	69.28
201	0.00	405.79	28.30	83.69	69.28
201.2	0.00	407.52	28.19	83.64	69.28
201.4	0.00	407.07	28.05	83.58	69.28
201.6	0.00	406.47	28.36	83.49	69.28
201.8	0.00	406.29	28.45	83.40	69.29
202	0.00	405.25	28.59	83.36	69.29
202.2	0.00	405.33	28.76	83.30	69.29
202.4	0.00	405.50	27.48	83.27	69.29
202.6	0.00	404.55	27.88	83.32	69.29
202.8	0.00	403.97	28.05	83.29	69.29
203	0.00	404.76	28.05	83.28	69.28
203.2	0.00	403.87	28.25	83.25	69.28
203.4	0.00	404.88	28.16	83.21	69.28
203.6	0.00	404.28	28.19	83.21	69.28
203.8	0.00	404.32	28.08	83.20	69.28
204	0.00	404.10	27.93	83.08	69.28
204.2	0.00	404.69	28.02	83.10	69.28
204.4	0.00	404.27	27.88	83.07	69.27
204.6	0.00	404.91	27.68	83.05	69.27
204.8	0.00	404.62	27.62	83.01	69.27
205	0.00	403.61	27.56	82.94	69.28
205.2	0.00	403.54	27.56	82.89	69.28
205.4	0.00	402.99	27.51	82.85	69.28
205.6	0.00	402.85	27.31	82.71	69.28
205.8	0.00	402.79	27.19	82.64	69.29
206	0.00	403.00	27.31	82.56	69.27
206.2	0.00	402.46	27.36	82.50	69.27
206.4	0.00	403.29	27.25	82.44	69.27
206.6	0.00	403.95	27.11	82.34	69.27
206.8	0.00	404.32	26.91	82.23	69.27
207	0.00	404.18	26.97	82.18	69.28
207.2	0.00	404.11	26.62	82.10	69.28
207.4	0.00	403.91	26.34	82.03	69.30
207.6	0.00	404.38	26.05	81.95	69.31
207.8	0.00	404.71	25.71	81.87	69.31
208	0.00	404.24	25.68	81.74	69.31
208.2	0.00	404.65	25.48	81.72	69.30
208.4	0.00	404.76	25.34	81.69	69.30
208.6	0.00	405.56	25.60	81.68	69.30
208.8	0.00	405.03	25.68	81.63	69.30
209	0.00	405.32	25.80	81.64	69.30
209.2	0.00	405.11	26.20	81.63	69.29
209.4	0.00	405.05	26.14	81.70	69.29
209.6	0.00	404.47	26.23	81.65	69.30
209.8	0.00	404.07	26.05	81.59	69.30
210	0.00	403.58	26.14	81.53	69.30
210.2	0.00	403.66	26.08	81.49	69.30
210.4	0.00	403.33	25.91	81.43	69.30
210.6	0.00	403.50	25.80	81.39	69.30
210.8	0.00	403.22	25.80	81.16	69.30
211	0.00	403.04	25.83	81.11	69.31
211.2	0.00	403.64	26.17	81.11	69.31
211.4	0.00	403.73	25.97	80.89	69.31
211.6	0.00	403.98	26.31	80.88	69.30
211.8	0.00	403.60	26.51	80.86	69.30
212	0.00	403.51	26.77	80.82	69.30
212.2	0.00	403.70	26.85	80.98	69.30
212.4	0.00	403.64	27.02	80.96	69.28
212.6	0.00	403.04	27.02	80.90	69.28
212.8	0.00	402.53	27.34	81.07	69.28
213	0.00	402.90	27.28	81.00	69.28
213.2	0.00	403.53	27.28	80.97	69.28
213.4	0.00	402.85	27.08	80.91	69.28
213.6	0.00	402.55	27.28	80.87	69.28
213.8	0.00	402.66	26.54	80.83	69.28
214	0.00	403.09	26.57	80.78	69.28
214.2	0.00	403.13	26.31	80.72	69.28
214.4	0.00	403.53	26.42	80.69	69.29
214.6	0.00	402.63	26.45	80.62	69.28
214.8	0.00	403.23	26.62	80.61	69.28
215	0.00	403.26	26.51	80.57	69.28
215.2	0.00	404.04	27.22	80.52	69.28
215.4	0.00	403.85	27.25	80.51	69.28
215.6	0.00	404.04	27.16	80.50	69.27
215.8	0.00	403.70	27.14	80.46	69.27
216	0.00	404.41	27.14	80.45	69.27
216.2	0.00	404.62	26.97	80.39	69.27
216.4	0.00	405.03	26.91	80.32	69.28
216.6	0.00	404.47	26.79	80.27	69.28
216.8	0.00	404.34	26.79	80.20	69.28
217	0.00	404.12	26.79	80.15	69.28
217.2	0.00	403.78	26.77	80.09	69.28
217.4	0.00	403.74	26.74	80.03	69.28
217.6	0.00	403.61	26.62	79.99	69.28
217.8	0.00	403.12	26.65	79.96	69.27
218	0.00	403.03	26.71	79.91	69.27
218.2	0.00	403.46	26.45	79.87	69.27
218.4	0.00	404.17	26.54	79.82	69.27
218.6	0.00	404.08	26.37	79.76	69.27
218.8	0.00	403.93	26.34	79.70	69.27
219	0.00	403.84	26.42	79.66	69.27
219.2	0.00	404.10	26.57	79.62	69.27
219.4	0.00	404.21	26.37	79.60	69.28
219.6	0.00	404.07	26.62	79.55	69.28
219.8	0.00	403.50	26.65	79.67	69.28
220	0.00	403.90	26.74	79.62	69.28
220.2	0.00	404.14	26.85	79.57	69.28
220.4	0.00	403.66	26.74	79.53	69.28
220.6	0.00	403.57	26.62	79.50	69.27
220.8	0.00	403.36	26.62	79.44	69.27
221	0.00	403.51	26.51	79.38	69.27
221.2	0.00	403.34	26.54	79.17	69.27
221.4	0.00	403.46	26.42	79.13	69.27
221.6	0.00	402.95	26.37	79.10	69.27
221.8	0.00	403.68	26.40	79.05	69.27
222	0.00	404.05	26.11	78.96	69.29
222.2	0.00	404.42	26.34	78.92	69.29
222.4	0.00	404.38	26.17	78.87	69.29
222.6	0.00	405.06	26.17	78.84	69.29
222.8	0.00	405.03	26.08	78.76	69.30
223	0.00	405.53	25.80	78.70	69.30
223.2	0.00	405.50	25.71	78.67	69.30
223.4	0.00	405.03	25.68	78.65	69.30
223.6	0.00	404.51	25.63	78.61	69.30
223.8	0.00	403.88	25.40	78.62	69.30
224	0.00	403.41	25.29	78.56	69.30
224.2	0.00	402.86	25.20	78.54	69.30
224.4	0.00	402.65	25.23	78.53	69.30
224.6	0.00	402.72	25.40	78.49	69.30
224.8	0.00	402.36	25.40	78.45	69.30
225	0.00	402.85	25.37	78.40	69.30
225.2	0.00	403.07	25.54	78.30	69.29
225.4	0.00	403.50	25.46	78.28	69.29
225.6	0.00	403.64	25.60	78.28	69.29
225.8	0.00	404.24	25.51	78.22	69.29
226	0.00	403.30	25.60	78.20	69.29
226.2	0.00	404.37	25.60	78.17	69.29
226.4	0.00	404.01	25.57	78.17	69.29
226.6	0.00	404.68	25.57	78.14	69.29
226.8	0.00	404.89	25.60	78.10	69.29
227	0.00	404.59	25.77	78.04	69.29
227.2	0.00	404.44	25.97	78.02	69.28
227.4	0.00	404.88	25.97	77.97	69.28
227.6	0.00	404.92	26.20	77.93	69.29
227.8	0.00	404.71	26.40	77.88	69.29
228	0.00	404.51	26.54	77.87	69.29
228.2	0.00	403.64	26.68	77.84	69.29
228.4	0.00	403.80	26.45	77.80	69.29
228.6	0.00	402.89	26.45	77.74	69.30
228.8	0.00	403.49	26.51	77.72	69.29
229	0.00	403.20	26.68	77.68	69.29
229.2	0.00	403.46	26.71	77.64	69.29
229.4	0.00	403.53	26.77	77.60	69.29
229.6	0.00	404.05	26.88	77.59	69.29
229.8	0.00	404.03	27.16	77.55	69.28
230	0.00	404.49	27.19	77.54	69.30
230.2	0.00	404.32	27.25	77.49	69.30
230.4	0.00	403.95	27.99	77.48	69.30
230.6	0.00	403.91	28.13	77.49	69.30
230.8	0.00	403.37	28.30	77.49	69.30
231	0.00	403.49	28.47	77.45	69.29
231.2	0.00	403.36	28.47	77.49	69.29
231.4	0.00	403.31	28.76	77.60	69.28
231.6	0.00	402.62	28.70	77.60	69.28
231.8	0.00	402.95	28.08	77.57	69.27
232	0.00	402.87	27.93	77.52	69.27
232.2	0.00	402.59	27.96	77.44	69.27
232.4	0.00	401.48	28.16	77.40	69.27
232.6	0.00	402.23	28.16	77.34	69.26
232.8	0.00	402.31	28.05	77.13	69.27
233	0.00	402.70	27.96	77.07	69.26
233.2	0.00	402.01	27.93	77.03	69.27
233.4	0.00	402.73	28.13	76.96	69.27
233.6	0.00	402.95	28.10	76.91	69.27
233.8	0.00	403.71	27.96	76.87	69.27
234	0.00	403.17	27.82	76.98	69.27
234.2	0.00	403.88	27.90	76.93	69.27
234.4	0.00	403.74	28.08	76.85	69.27
234.6	0.00	404.20	28.10	76.81	69.27
234.8	0.00	403.84	27.88	76.77	69.27
235	0.00	404.11	27.93	76.73	69.27
235.2	0.00	404.21	27.76	76.70	69.28
235.4	0.00	404.66	27.88	76.50	69.27
235.6	0.00	403.77	27.91	76.48	69.28
235.8	0.00	403.22	27.88	76.47	69.28
236	0.00	403.40	28.08	76.45	69.28
236.2	0.00	403.04	28.39	76.45	69.27
236.4	0.00	403.63	28.33	76.43	69.28
236.6	0.00	403.76	28.47	76.64	69.27
236.8	0.00	403.31	28.39	76.56	69.28
237	0.00	403.29	28.36	76.52	69.28
237.2	0.00	404.21	28.36	76.47	69.28
237.4	0.00	403.98	27.93	76.39	69.28
237.6	0.00	404.78	27.53	76.32	69.28
237.8	0.00	403.91	27.65	76.25	69.28
238	0.00	403.88	27.34	75.93	69.28
238.2	0.00	404.25	27.45	75.91	69.29
238.4	0.00	404.76	27.08	75.84	69.28
238.6	0.00	404.59	26.82	75.79	69.29
238.8	0.00	405.15	27.45	75.73	69.29
239	0.00	404.65	27.48	75.66	69.29
239.2	0.00	404.78	27.34	75.62	69.29
239.4	0.00	404.84	27.36	75.56	69.29
239.6	0.00	404.93	27.02	75.52	69.29
239.8	0.00	404.22	27.19	75.43	69.29
240	0.00	404.48	27.28	75.39	69.29
240.2	0.00	403.57	26.57	75.37	69.29
240.4	0.00	403.37	26.54	75.35	69.29
240.6	0.00	403.43	26.48	75.34	69.29
240.8	0.00	403.04	26.37	75.33	69.29
241	0.00	403.30	26.54	75.30	69.31
241.2	0.00	403.33	26.23	75.33	69.31
241.4	0.00	403.29	26.25	75.31	69.32
241.6	0.00	404.07	26.20	75.26	69.32
241.8	0.00	404.64	26.23	75.20	69.31
242	0.00	404.37	26.23	75.15	69.32
242.2	0.00	405.06	26.31	75.09	69.32
242.4	0.00	404.17	26.48	74.89	69.29
242.6	0.00	405.06	26.65	74.85	69.29
242.8	0.00	404.27	26.74	74.77	69.29
243	0.00	404.17	26.94	74.76	69.29
243.2	0.00	403.31	27.05	74.72	69.29
243.4	0.00	403.74	27.05	74.66	69.29
243.6	0.00	403.14	27.05	74.63	69.29
243.8	0.00	403.70	26.91	74.75	69.29
244	0.00	403.12	26.97	74.72	69.29
244.2	0.00	403.66	27.11	74.71	69.27
244.4	0.00	403.70	27.05	74.68	69.27
244.6	0.00	404.14	26.82	74.64	69.27
244.8	0.00	405.06	26.68	74.64	69.27
245	0.00	404.69	26.65	74.59	69.27
245.2	0.00	404.96	26.77	74.55	69.27
245.4	0.00	404.91	26.79	74.52	69.27
245.6	0.00	405.09	26.60	74.52	69.29
245.8	0.00	404.48	26.51	74.48	69.29
246	0.00	404.45	26.77	74.47	69.29
246.2	0.00	403.88	26.97	74.44	69.28
246.4	0.00	404.72	27.02	74.43	69.28
246.6	0.00	404.39	26.82	74.41	69.28
246.8	0.00	404.92	26.97	74.40	69.28
247	0.00	404.59	27.02	74.33	69.28
247.2	0.00	405.30	27.22	74.33	69.28
247.4	0.00	405.39	27.42	74.31	69.28
247.6	0.00	405.48	27.28	74.28	69.28
247.8	0.00	405.12	27.53	74.21	69.28
248	0.00	405.40	27.65	74.18	69.28
248.2	0.00	405.38	27.53	73.98	69.29
248.4	0.00	405.67	27.59	73.94	69.28
248.6	0.00	405.23	27.51	73.88	69.28
248.8	0.00	405.25	27.36	73.83	69.28
249	0.00	404.89	27.22	73.76	69.28
249.2	0.00	404.69	27.05	73.78	69.28
249.4	0.00	404.27	26.77	73.72	69.28
249.6	0.00	403.73	26.97	73.86	69.28
249.8	0.00	403.64	26.94	73.80	69.28
250	0.00	403.03	26.99	73.75	69.29
250.2	0.00	402.87	26.82	73.74	69.29
250.4	0.00	402.90	26.79	73.72	69.30
250.6	0.00	403.33	26.79	73.65	69.30
250.8	0.00	402.69	26.97	73.64	69.30
251	0.00	402.35	27.05	73.58	69.29
251.2	0.00	402.16	27.05	73.58	69.29
251.4	0.00	402.99	27.05	73.54	69.28
251.6	0.00	402.60	27.16	73.51	69.28
251.8	0.00	402.60	27.45	73.47	69.27
252	0.00	402.14	27.71	73.46	69.27
252.2	0.00	402.93	27.96	73.43	69.27
252.4	0.00	402.96	27.90	73.36	69.28
252.6	0.00	403.06	27.99	73.33	69.30
252.8	0.00	402.97	28.02	73.32	69.30
253	0.00	403.81	27.79	73.28	69.30
253.2	0.00	403.61	27.85	73.25	69.30
253.4	0.00	404.45	27.45	73.19	69.30
253.6	0.00	404.03	27.36	73.12	69.31
253.8	0.00	404.44	27.36	73.11	69.31
254	0.00	404.14	27.16	73.02	69.30
254.2	0.00	403.98	27.22	72.99	69.29
254.4	0.00	403.58	27.42	72.95	69.29
254.6	0.00	403.56	27.39	72.91	69.29
254.8	0.00	403.20	27.62	72.91	69.29
255	0.00	402.97	27.68	72.85	69.28
255.2	0.00	403.23	27.56	72.85	69.26
255.4	0.00	403.03	27.59	72.84	69.26
255.6	0.00	403.81	27.28	72.83	69.26
255.8	0.00	403.81	27.42	72.80	69.26
256	0.00	404.18	27.62	72.79	69.25
256.2	0.00	403.73	27.53	72.72	69.25
256.4	0.00	404.68	27.59	72.75	69.25
256.6	0.00	404.14	27.62	72.72	69.27
256.8	0.00	404.52	27.79	72.71	69.27
257	0.00	403.78	28.10	72.69	69.27
257.2	0.00	404.15	27.96	72.65	69.27
257.4	0.00	403.23	27.79	72.61	69.27
257.6	0.00	403.61	27.76	72.60	69.27
257.8	0.00	402.66	27.73	72.55	69.28
258	0.00	403.31	27.85	72.52	69.28
258.2	0.00	402.93	28.10	72.46	69.28
258.4	0.00	402.67	28.19	72.43	69.28
258.6	0.00	402.01	28.36	72.18	69.28
258.8	0.00	402.80	28.19	72.16	69.27
259	0.00	402.66	28.28	72.11	69.28
259.2	0.00	403.27	28.30	72.07	69.27
259.4	0.00	402.73	28.19	72.01	69.27
259.6	0.00	402.99	27.79	71.97	69.27
259.8	0.00	402.89	27.62	71.92	69.28
260	0.00	403.24	27.85	72.08	69.28
260.2	0.00	403.24	27.91	72.04	69.28
260.4	0.00	403.60	27.76	72.01	69.28
260.6	0.00	402.83	27.56	71.94	69.28
260.8	0.00	402.89	27.56	71.92	69.28
261	0.00	403.51	27.56	71.90	69.28
261.2	0.00	403.98	27.65	71.90	69.28
261.4	0.00	404.31	27.31	71.85	69.28
261.6	0.00	403.63	27.36	71.81	69.28
261.8	0.00	403.22	27.51	71.77	69.28
262	0.00	404.04	27.68	71.78	69.28
262.2	0.00	404.04	27.65	71.75	69.28
262.4	0.00	403.34	27.79	71.71	69.27
262.6	0.00	403.14	27.73	71.67	69.27
262.8	0.00	402.76	27.73	71.69	69.28
263	0.00	403.37	27.73	71.65	69.28
263.2	0.00	403.06	27.68	71.64	69.28
263.4	0.00	402.80	27.42	71.62	69.28
263.6	0.00	402.76	27.56	71.57	69.28
263.8	0.00	403.27	27.36	71.55	69.28
264	0.00	403.06	27.39	71.47	69.28
264.2	0.00	403.22	27.31	71.40	69.28
264.4	0.00	402.99	27.73	71.37	69.27
264.6	0.00	403.46	27.82	71.32	69.28
264.8	0.00	403.04	28.10	71.25	69.28
265	0.00	403.41	27.99	71.22	69.28
265.2	0.00	403.10	28.13	71.16	69.27
265.4	0.00	403.68	28.13	71.16	69.27
265.6	0.00	403.47	28.19	71.14	69.27
265.8	0.00	403.33	27.79	71.09	69.27
266	0.00	402.99	27.56	71.03	69.27
266.2	0.00	403.43	27.45	71.01	69.27
266.4	0.00	403.36	27.62	70.79	69.27
266.6	0.00	403.13	27.59	70.74	69.27
266.8	0.00	402.66	27.48	70.69	69.27
267	0.00	402.65	27.56	70.65	69.27
267.2	0.00	403.40	27.51	70.65	69.27
267.4	0.00	403.61	27.76	70.63	69.27
267.6	0.00	404.04	27.68	70.61	69.27
267.8	0.00	404.05	27.56	70.77	69.27
268	0.00	404.32	27.56	70.79	69.27
268.2	0.00	404.61	27.82	70.77	69.28
268.4	0.00	405.89	27.39	70.75	69.28
268.6	0.00	404.75	26.82	70.70	69.28
268.8	0.00	405.18	26.85	70.68	69.28
269	0.00	404.58	27.02	70.64	69.28
269.2	0.00	405.05	26.85	70.59	69.28
269.4	0.00	404.94	26.74	70.52	69.28
269.6	0.00	404.48	26.65	70.60	69.27
269.8	0.00	403.58	26.74	70.55	69.27
270	0.00	404.31	27.62	70.51	69.26
270.2	0.00	403.46	27.53	70.46	69.26
270.4	0.00	403.36	27.42	70.42	69.26
270.6	0.00	403.22	27.59	70.39	69.27
270.8	0.00	402.87	28.50	70.37	69.27
271	0.00	403.22	28.39	70.21	69.27
271.2	0.00	402.68	28.59	70.19	69.27
271.4	0.00	402.70	28.53	70.16	69.27
271.6	0.00	402.92	28.42	70.13	69.27
271.8	0.00	403.44	28.56	70.04	69.27
272	0.00	402.25	28.39	70.00	69.27
272.2	0.00	403.02	27.62	70.01	69.27
272.4	0.00	402.68	27.65	69.99	69.27
272.6	0.00	402.86	27.45	69.96	69.27
272.8	0.00	403.19	27.14	69.95	69.27
273	0.00	403.37	27.48	69.98	69.27
273.2	0.00	403.85	27.31	70.02	69.27
273.4	0.00	404.51	27.45	69.99	69.27
273.6	0.00	404.52	27.36	69.94	69.27
273.8	0.00	404.84	27.39	69.90	69.28
274	0.00	405.01	27.53	69.92	69.27
274.2	0.00	404.45	27.73	69.87	69.27
274.4	0.00	405.22	27.51	69.80	69.27
274.6	0.00	404.45	27.62	69.74	69.27
274.8	0.00	404.44	27.73	69.71	69.26
275	0.00	404.04	27.73	69.66	69.26
275.2	0.00	403.91	27.48	69.63	69.26
275.4	0.00	404.08	27.36	69.55	69.26
275.6	0.00	404.39	27.16	69.52	69.27
275.8	0.00	404.00	26.99	69.49	69.27
276	0.00	403.58	26.91	69.44	69.27
276.2	0.00	403.98	26.88	69.42	69.27
276.4	0.00	403.71	26.65	69.39	69.27
276.6	0.00	404.20	26.97	69.36	69.27
276.8	0.00	403.95	27.28	69.33	69.27
277	0.00	404.04	27.45	69.29	69.25
277.2	0.00	403.63	27.59	69.27	69.25
277.4	0.00	403.78	27.53	69.26	69.25
277.6	0.00	403.97	27.42	69.22	69.25
277.8	0.00	404.30	27.68	69.21	69.25
278	0.00	404.49	27.45	69.18	69.25
278.2	0.00	403.70	27.39	69.12	69.25
278.4	0.00	403.67	27.39	69.10	69.27
278.6	0.00	403.78	27.51	69.06	69.27
278.8	0.00	403.98	27.71	69.03	69.27
279	0.00	404.10	27.62	69.00	69.27
279.2	0.00	404.57	27.59	68.98	69.25
279.4	0.00	404.17	27.76	68.97	69.25
279.6	0.00	405.19	27.65	68.83	69.25
279.8	0.00	405.36	27.65	68.81	69.24
280	0.00	405.26	27.51	68.77	69.24
280.2	0.00	404.91	27.48	68.75	69.24
280.4	0.00	404.14	27.56	68.71	69.24
280.6	0.00	404.40	27.53	68.68	69.26
280.8	0.00	404.00	28.05	68.62	69.26
281	0.00	403.39	28.02	68.66	69.28
281.2	0.00	403.04	27.99	68.63	69.28
281.4	0.00	402.86	27.99	68.61	69.28
281.6	0.00	402.85	27.88	68.55	69.28
281.8	0.00	403.53	27.88	68.54	69.28
282	0.00	402.67	28.05	68.51	69.28
282.2	0.00	403.34	27.51	68.50	69.27
282.4	0.00	404.01	27.76	68.57	69.26
282.6	0.00	403.83	27.76	68.55	69.25
282.8	0.00	404.10	27.65	68.52	69.25
283	0.00	404.68	27.76	68.55	69.25
283.2	0.00	404.32	27.59	68.50	69.25
283.4	0.00	404.22	27.73	68.47	69.25
283.6	0.00	404.00	27.68	68.43	69.25
283.8	0.00	403.77	27.51	68.34	69.25
284	0.00	404.24	27.51	68.28	69.27
284.2	0.00	404.66	27.68	68.25	69.27
284.4	0.00	404.24	27.85	68.20	69.26
284.6	0.00	404.39	27.85	68.16	69.26
284.8	0.00	404.81	27.62	68.10	69.26
285	0.00	404.95	27.73	68.09	69.26
285.2	0.00	404.39	27.79	68.13	69.26
285.4	0.00	404.35	27.71	68.08	69.26
285.6	0.00	403.46	27.76	68.02	69.26
285.8	0.00	403.46	27.65	67.96	69.26
286	0.00	403.56	27.76	67.94	69.26
286.2	0.00	403.16	27.76	67.92	69.26
286.4	0.00	403.29	27.82	67.89	69.26
286.6	0.00	403.53	27.79	67.80	69.25
286.8	0.00	403.97	27.91	67.97	69.26
287	0.00	404.41	27.73	67.98	69.26
287.2	0.00	404.78	27.88	67.98	69.25
287.4	0.00	404.42	27.96	67.97	69.25
287.6	0.00	405.09	27.99	67.98	69.26
287.8	0.00	404.99	27.79	67.96	69.26
288	0.00	405.36	27.90	67.91	69.26
288.2	0.00	404.54	28.08	67.75	69.26
288.4	0.00	404.69	28.10	67.73	69.26
288.6	0.00	404.69	28.10	67.71	69.26
288.8	0.00	404.45	28.19	67.68	69.26
289	0.00	404.35	28.19	67.52	69.25
289.2	0.00	404.37	28.53	67.50	69.24
289.4	0.00	404.03	28.65	67.48	69.24
289.6	0.00	404.40	28.59	67.45	69.24
289.8	0.00	404.25	28.67	67.41	69.24
290	0.00	403.60	28.67	67.34	69.26
290.2	0.00	404.62	28.36	67.31	69.25
290.4	0.00	404.14	28.56	67.42	69.25
290.6	0.00	403.93	28.42	67.31	69.25
290.8	0.00	403.80	28.28	67.26	69.25
291	0.00	403.22	28.50	67.21	69.25
291.2	0.00	403.00	28.59	67.19	69.25
291.4	0.00	403.93	28.53	67.18	69.23
291.6	0.00	402.92	28.96	67.15	69.24
291.8	0.00	403.40	29.56	67.09	69.24
292	0.00	403.37	29.76	67.13	69.24
292.2	0.00	403.85	29.81	67.12	69.24
292.4	0.00	404.05	29.50	67.11	69.24
292.6	0.00	403.85	29.56	67.10	69.24
292.8	0.00	403.48	29.73	66.78	69.24
293	0.00	402.94	29.61	66.76	69.24
293.2	0.00	402.94	28.90	66.77	69.24
293.4	0.00	402.70	28.73	66.76	69.24
293.6	0.00	402.72	28.82	66.74	69.24
293.8	0.00	402.87	28.93	66.69	69.24
294	0.00	403.76	28.08	66.65	69.24
294.2	0.00	403.83	28.02	66.96	69.23
294.4	0.00	404.94	27.93	66.92	69.24
294.6	0.00	404.94	27.99	66.84	69.24
294.8	0.00	404.82	28.08	66.79	69.24
295	0.00	404.48	28.08	66.79	69.24
295.2	0.00	404.59	28.05	66.75	69.24
295.4	0.00	404.67	28.99	66.72	69.24
295.6	0.00	404.86	29.16	66.67	69.24
295.8	0.00	404.95	29.30	66.61	69.24
296	0.00	404.41	29.21	66.62	69.24
296.2	0.00	404.67	29.27	66.57	69.23
296.4	0.00	404.81	29.21	66.51	69.24
296.6	0.00	405.11	29.33	66.58	69.23
296.8	0.00	404.71	29.33	66.55	69.24
297	0.00	404.75	29.19	66.52	69.24
297.2	0.00	403.94	29.33	66.55	69.23
297.4	0.00	404.48	29.56	66.51	69.23
297.6	0.00	403.88	29.39	66.50	69.23
297.8	0.00	404.10	29.30	66.49	69.23
298	0.00	403.33	29.13	66.36	69.23
298.2	0.00	403.41	29.10	66.32	69.23
298.4	0.00	403.31	28.84	66.30	69.23
298.6	0.00	404.22	28.62	66.25	69.23
298.8	0.00	403.80	28.59	66.24	69.23
299	0.00	404.07	28.56	66.17	69.26
299.2	0.00	404.20	28.65	66.17	69.25
299.4	0.00	404.51	28.82	66.15	69.25
299.6	0.00	404.65	28.79	66.14	69.25
299.8	0.00	404.68	28.93	66.11	69.25
300	0.00	404.98	28.76	66.05	69.25
300.2	0.00	405.22	28.59	66.00	69.25
300.4	0.00	405.79	28.62	66.00	69.23
300.6	0.00	405.03	28.56	65.89	69.24
300.8	0.00	405.30	28.39	65.84	69.24
301	0.00	404.38	28.30	65.80	69.25
301.2	0.00	404.38	28.22	65.73	69.25
301.4	0.00	403.29	29.04	65.73	69.25
301.6	0.00	403.06	29.02	65.68	69.25
301.8	0.00	402.85	28.96	65.66	69.25
302	0.00	403.46	29.02	65.64	69.25
302.2	0.00	403.27	28.99	65.62	69.25
302.4	0.00	403.51	28.96	65.50	69.25
302.6	0.00	403.77	28.90	65.49	69.25
302.8	0.00	404.21	28.22	65.42	69.25
303	0.00	404.14	28.05	65.42	69.24
303.2	0.00	404.30	27.93	65.41	69.25
303.4	0.00	404.12	27.82	65.43	69.25
303.6	0.00	403.95	27.73	65.41	69.24
303.8	0.00	404.62	27.79	65.47	69.24
304	0.00	404.38	27.14	65.44	69.24
304.2	0.00	404.35	27.25	65.44	69.24
304.4	0.00	404.22	27.36	65.38	69.24
304.6	0.00	404.51	27.34	65.33	69.24
304.8	0.00	404.27	27.31	65.27	69.24
305	0.00	404.42	27.34	65.19	69.25
305.2	0.00	403.67	27.25	65.18	69.25
305.4	0.00	403.54	27.79	65.12	69.25
305.6	0.00	403.33	28.47	65.09	69.25
305.8	0.00	403.84	28.33	65.06	69.25
306	0.00	403.44	28.39	64.96	69.24
306.2	0.00	404.00	28.50	64.91	69.24
306.4	0.00	403.20	28.53	64.91	69.24
306.6	0.00	403.63	29.07	64.85	69.24
306.8	0.00	403.06	29.10	64.82	69.24
307	0.00	403.56	28.39	64.79	69.24
307.2	0.00	402.87	28.33	64.74	69.24
307.4	0.00	402.75	28.28	64.78	69.25
307.6	0.00	402.23	27.96	64.67	69.26
307.8	0.00	402.73	27.88	64.62	69.25
308	0.00	402.18	26.99	64.52	69.27
308.2	0.00	403.07	27.16	64.49	69.27
308.4	0.00	402.73	26.85	64.44	69.27
308.6	0.00	403.27	26.79	64.42	69.27
308.8	0.00	403.24	26.74	64.37	69.27
309	0.00	403.78	26.60	64.46	69.27
309.2	0.00	404.11	26.31	64.43	69.27
309.4	0.00	404.38	26.48	64.50	69.25
309.6	0.00	403.88	26.20	64.45	69.26
309.8	0.00	403.93	26.28	64.42	69.26
310	0.00	404.01	26.31	64.41	69.26
310.2	0.00	403.84	26.42	64.30	69.26
310.4	0.00	403.93	26.54	64.27	69.26
310.6	0.00	403.33	26.91	64.26	69.26
310.8	0.00	403.74	26.25	64.20	69.26
311	0.00	403.85	26.37	64.19	69.25
311.2	0.00	404.10	26.42	64.21	69.25
311.4	0.00	403.74	26.54	64.19	69.25
311.6	0.00	404.12	26.57	64.27	69.25
311.8	0.00	403.64	26.40	64.22	69.24
312	0.00	404.52	26.31	64.19	69.24
312.2	0.00	404.18	26.85	64.18	69.24
312.4	0.00	404.15	26.85	64.15	69.24
312.6	0.00	403.91	26.79	64.08	69.25
312.8	0.00	404.12	26.94	63.95	69.25
313	0.00	403.47	26.99	63.95	69.25
313.2	0.00	403.98	27.45	63.97	69.25
313.4	0.00	403.64	27.39	63.96	69.25
313.6	0.00	404.12	27.85	63.97	69.25
313.8	0.00	404.00	28.02	63.97	69.24
314	0.00	403.50	28.19	64.01	69.24
314.2	0.00	403.73	28.25	64.11	69.24
314.4	0.00	404.27	28.28	64.11	69.23
314.6	0.00	403.12	28.28	64.08	69.23
314.8	0.00	403.03	28.50	64.07	69.23
315	0.00	402.86	28.30	64.03	69.23
315.2	0.00	402.90	28.33	64.00	69.23
315.4	0.00	403.22	28.19	63.92	69.23
315.6	0.00	402.77	28.30	63.90	69.23
315.8	0.00	402.95	28.36	63.84	69.23
316	0.00	403.68	28.47	63.79	69.23
316.2	0.00	403.61	28.39	63.75	69.23
316.4	0.00	402.95	28.50	63.70	69.23
316.6	0.00	403.24	28.53	63.69	69.23
316.8	0.00	402.93	28.59	63.68	69.23
317	0.00	403.39	28.33	63.61	69.24
317.2	0.00	402.80	28.22	63.62	69.23
317.4	0.00	402.52	28.19	63.60	69.23
317.6	0.00	402.82	28.36	63.62	69.23
317.8	0.00	403.47	28.30	63.59	69.23
318	0.00	403.47	28.13	63.44	69.22
318.2	0.00	403.64	28.30	63.41	69.22
318.4	0.00	403.30	28.45	63.42	69.22
318.6	0.00	403.85	29.07	63.38	69.23
318.8	0.00	403.83	28.96	63.35	69.23
319	0.00	403.51	28.65	63.28	69.23
319.2	0.00	403.27	28.67	63.25	69.23
319.4	0.00	402.87	28.53	63.36	69.23
319.6	0.00	402.99	28.45	63.33	69.23
319.8	0.00	402.62	28.30	63.27	69.24
320	0.00	402.63	27.71	63.22	69.24
320.2	0.00	403.29	27.34	63.19	69.24
320.4	0.00	403.61	27.48	63.15	69.24
320.6	0.00	403.90	27.42	63.10	69.24
320.8	0.00	404.30	27.39	63.04	69.23
321	0.00	404.21	27.48	63.05	69.23
321.2	0.00	405.05	27.48	63.04	69.23
321.4	0.00	404.93	27.39	62.98	69.23
321.6	0.00	404.86	27.56	62.94	69.23
321.8	0.00	404.24	26.85	62.91	69.23
322	0.00	403.77	26.82	62.86	69.23
322.2	0.00	402.93	26.71	62.95	69.24
322.4	0.00	402.89	26.45	62.88	69.26
322.6	0.00	402.70	26.28	62.81	69.27
322.8	0.00	402.39	26.08	62.80	69.27
323	0.00	400.80	25.85	62.74	69.28
323.2	0.00	400.81	26.25	62.70	69.28
323.4	0.00	401.00	26.23	62.68	69.28
323.6	0.00	401.75	26.23	62.53	69.29
323.8	0.00	402.01	26.42	62.45	69.27
324	0.00	401.54	26.45	62.44	69.26
324.2	0.00	402.32	26.91	62.48	69.26
324.4	0.00	403.63	27.48	62.53	69.25
324.6	0.00	404.30	27.88	62.55	69.24
324.8	0.00	404.99	28.22	62.60	69.24
325	0.00	405.06	28.47	62.61	69.23
325.2	0.00	404.96	28.62	62.68	69.23
325.4	0.00	405.38	28.93	62.71	69.22
325.6	0.00	405.16	28.87	62.64	69.22
325.8	0.00	405.36	28.82	62.60	69.22
326	0.00	404.92	29.39	62.56	69.22
326.2	0.00	405.02	29.10	62.49	69.22
326.4	0.00	404.71	29.27	62.44	69.22
326.6	0.00	404.89	29.33	62.39	69.22
326.8	0.00	404.30	29.21	62.32	69.23
327	0.00	404.69	29.13	62.26	69.23
327.2	0.00	403.94	29.02	62.19	69.23
327.4	0.00	404.86	28.36	62.15	69.23
327.6	0.00	403.94	28.73	62.09	69.24
327.8	0.00	403.56	28.62	62.04	69.25
328	0.00	403.50	28.27	62.02	69.25
328.2	0.00	403.56	28.25	61.99	69.24
328.4	0.00	402.85	28.16	61.99	69.24
328.6	0.00	403.27	28.19	61.99	69.24
328.8	0.00	402.67	28.19	61.97	69.24
329	0.00	403.06	27.68	61.97	69.24
329.2	0.00	404.12	27.76	61.98	69.24
329.4	0.00	404.04	27.85	61.94	69.24
329.6	0.00	405.08	27.82	61.94	69.25
329.8	0.00	405.29	27.93	61.91	69.25
330	0.00	405.69	27.88	61.87	69.25
330.2	0.00	405.33	27.76	61.87	69.25
330.4	0.00	405.72	27.82	61.82	69.25
330.6	0.00	404.81	27.82	61.79	69.25
330.8	0.00	405.08	27.73	61.73	69.25
331	0.00	404.35	27.88	61.71	69.25
331.2	0.00	404.40	27.85	61.67	69.25
331.4	0.00	403.95	27.82	61.65	69.25
331.6	0.00	404.62	28.05	61.61	69.25
331.8	0.00	403.56	28.36	61.61	69.25
332	0.00	404.42	28.25	61.59	69.25
332.2	0.00	404.05	28.30	61.61	69.24
332.4	0.00	404.24	28.19	61.57	69.25
332.6	0.00	403.80	28.13	61.55	69.25
332.8	0.00	403.90	28.50	61.56	69.24
333	0.00	403.57	28.36	61.54	69.24
333.2	0.00	403.97	28.10	61.53	69.24
333.4	0.00	403.70	28.08	61.52	69.24
333.6	0.00	403.54	28.02	61.47	69.24
333.8	0.00	403.88	28.25	61.46	69.24
334	0.00	403.36	28.42	61.47	69.24
334.2	0.00	403.53	28.28	61.48	69.23
334.4	0.00	403.13	28.47	61.49	69.23
334.6	0.00	403.34	28.79	61.47	69.23
334.8	0.00	402.41	29.10	61.44	69.23
335	0.00	402.50	29.30	61.46	69.23
335.2	0.00	401.89	29.53	61.48	69.22
335.4	0.00	403.23	29.44	61.44	69.22
335.6	0.00	402.52	29.33	61.36	69.22
335.8	0.00	403.13	28.96	61.30	69.23
336	0.00	403.00	28.62	61.25	69.23
336.2	0.00	403.91	27.88	61.16	69.23
336.4	0.00	403.77	27.59	61.07	69.24
336.6	0.00	404.64	27.11	60.98	69.24
336.8	0.00	403.54	26.85	60.92	69.25
337	0.00	404.37	26.60	60.88	69.25
337.2	0.00	403.67	26.68	60.83	69.25
337.4	0.00	403.88	26.71	60.91	69.25
337.6	0.00	402.93	26.85	60.91	69.25
337.8	0.00	403.56	27.08	60.90	69.24
338	0.00	403.04	26.88	60.88	69.24
338.2	0.00	403.30	27.14	60.90	69.24
338.4	0.00	403.47	27.45	60.91	69.23
338.6	0.00	404.10	27.48	60.95	69.23
338.8	0.00	404.08	27.59	60.85	69.23
339	0.00	405.03	27.96	60.84	69.23
339.2	0.00	405.08	27.96	60.88	69.21
339.4	0.00	404.72	28.33	60.90	69.21
339.6	0.00	405.15	27.99	60.88	69.21
339.8	0.00	403.83	27.88	60.87	69.21
340	0.00	404.25	27.99	60.81	69.21
340.2	0.00	402.95	28.19	60.81	69.21
340.4	0.00	403.16	28.19	60.79	69.21
340.6	0.00	402.58	28.30	60.54	69.23
340.8	0.00	403.22	28.19	60.51	69.22
341	0.00	402.77	28.76	60.47	69.23
341.2	0.00	403.91	28.76	60.42	69.23
341.4	0.00	403.33	28.67	60.38	69.22
341.6	0.00	404.30	28.59	60.34	69.22
341.8	0.00	403.71	28.62	60.34	69.22
342	0.00	403.56	28.65	60.52	69.22
342.2	0.00	403.43	28.50	60.50	69.22
342.4	0.00	403.60	28.28	60.46	69.22
342.6	0.00	404.00	28.30	60.41	69.22
342.8	0.00	403.30	28.27	60.39	69.22
343	0.00	403.64	28.13	60.34	69.23
343.2	0.00	403.70	27.96	60.29	69.23
343.4	0.00	404.34	28.05	60.24	69.23
343.6	0.00	403.67	28.13	60.20	69.23
343.8	0.00	404.12	28.25	60.20	69.23
344	0.00	403.46	28.30	60.19	69.23
344.2	0.00	403.97	28.30	60.19	69.23
344.4	0.00	403.83	28.36	59.97	69.22
344.6	0.00	403.33	28.39	59.95	69.22
344.8	0.00	402.52	28.10	59.92	69.22
345	0.00	402.89	28.22	59.87	69.22
345.2	0.00	402.42	28.05	59.81	69.23
345.4	0.00	402.82	27.93	59.78	69.23
345.6	0.00	404.28	27.82	59.78	69.23
345.8	0.00	404.28	27.59	59.93	69.24
346	0.00	405.43	27.36	59.83	69.24
346.2	0.00	405.75	27.36	59.80	69.24
346.4	0.00	406.73	26.79	59.75	69.24
346.6	0.00	407.20	26.57	59.69	69.24
346.8	0.00	407.25	26.34	59.62	69.24
347	0.00	405.94	26.45	59.56	69.24
347.2	0.00	405.63	26.79	59.51	69.24
347.4	0.00	405.35	26.97	59.56	69.24
347.6	0.00	405.26	27.05	59.51	69.24
347.8	0.00	404.57	27.56	59.50	69.24
348	0.00	403.81	27.93	59.53	69.24
348.2	0.00	403.39	28.45	59.58	69.23
348.4	0.00	402.94	28.73	59.62	69.23
348.6	0.00	403.22	28.76	59.68	69.23
348.8	0.00	402.89	29.13	59.69	69.22
349	0.00	403.77	29.30	59.73	69.22
349.2	0.00	403.64	29.44	59.72	69.22
349.4	0.00	403.97	29.59	59.71	69.22
349.6	0.00	403.76	29.53	59.68	69.22
349.8	0.00	404.47	29.27	59.56	69.22
350	0.00	404.17	29.36	59.53	69.23
350.2	0.00	404.35	29.07	59.49	69.23
350.4	0.00	404.18	29.16	59.45	69.23
350.6	0.00	404.04	29.21	59.43	69.23
350.8	0.00	404.01	29.21	59.40	69.23
351	0.00	404.18	29.33	59.37	69.23
351.2	0.00	404.20	29.39	59.39	69.23
351.4	0.00	404.61	29.30	59.29	69.23
351.6	0.00	404.81	29.39	59.24	69.23
351.8	0.00	403.93	29.16	59.20	69.23
352	0.00	404.67	29.02	59.18	69.23
352.2	0.00	404.58	28.87	59.13	69.23
352.4	0.00	405.25	28.50	59.08	69.24
352.6	0.00	404.45	28.53	59.05	69.24
352.8	0.00	404.58	28.39	59.07	69.24
353	0.00	403.85	28.33	59.03	69.24
353.2	0.00	405.52	28.36	59.00	69.24
353.4	0.00	404.25	28.16	58.96	69.23
353.6	0.00	404.69	28.36	58.93	69.24
353.8	0.00	404.10	28.45	58.90	69.23
354	0.00	404.71	28.39	58.88	69.23
354.2	0.00	404.34	28.30	58.87	69.25
354.4	0.00	404.96	28.28	58.85	69.25
354.6	0.00	404.07	28.16	58.76	69.26
354.8	0.00	404.07	28.19	58.74	69.26
355	0.00	404.18	27.93	58.72	69.26
355.2	0.00	404.21	27.79	58.71	69.26
355.4	0.00	404.00	27.90	58.69	69.26
355.6	0.00	404.17	27.85	58.64	69.24
355.8	0.00	403.63	27.85	58.61	69.24
356	0.00	402.89	27.85	58.66	69.24
356.2	0.00	403.20	27.91	58.62	69.24
356.4	0.00	403.51	27.76	58.62	69.24
356.6	0.00	403.51	27.68	58.57	69.24
356.8	0.00	403.31	27.93	58.54	69.24
357	0.00	403.29	27.96	58.51	69.24
357.2	0.00	404.07	27.96	58.47	69.24
357.4	0.00	404.58	28.19	58.44	69.24
357.6	0.00	405.01	28.08	58.42	69.24
357.8	0.00	404.38	28.33	58.58	69.24
358	0.00	404.20	28.45	58.54	69.25
358.2	0.00	404.24	27.99	58.51	69.24
358.4	0.00	404.15	28.02	58.52	69.24
358.6	0.00	403.76	28.05	58.53	69.24
358.8	0.00	403.61	27.88	58.52	69.24
359	0.00	403.27	27.96	58.52	69.25
359.2	0.00	403.97	28.05	58.31	69.24
359.4	0.00	403.88	28.22	58.36	69.24
359.6	0.00	403.93	28.84	58.38	69.24
359.8	0.00	403.74	28.99	58.38	69.23
360	0.00	403.19	28.99	58.37	69.23
360.2	0.00	403.58	28.96	58.38	69.23
360.4	0.00	403.78	29.02	58.35	69.23
360.6	0.00	403.34	28.87	58.34	69.23
360.8	0.00	403.58	28.84	58.32	69.23
361	0.00	403.66	28.19	58.27	69.23
361.2	0.00	404.14	28.22	58.28	69.23
361.4	0.00	404.69	28.36	58.25	69.25
361.6	0.00	404.48	28.45	58.22	69.25
361.8	0.00	404.47	28.59	58.20	69.25
362	0.00	404.65	28.39	58.17	69.25
362.2	0.00	404.30	28.53	58.10	69.25
362.4	0.00	404.81	29.07	58.08	69.24
362.6	0.00	405.35	28.99	58.00	69.25
362.8	0.00	405.53	29.02	57.97	69.23
363	0.00	405.21	28.84	57.92	69.23
363.2	0.00	405.12	28.93	57.90	69.23
363.4	0.00	404.59	28.90	57.88	69.23
363.6	0.00	405.25	28.90	57.86	69.23
363.8	0.00	405.03	28.65	57.82	69.23
364	0.00	404.20	28.67	57.86	69.23
364.2	0.00	404.37	28.76	57.85	69.23
364.4	0.00	404.39	28.90	57.87	69.22
364.6	0.00	404.78	28.93	57.85	69.22
364.8	0.00	405.49	29.16	57.84	69.22
365	0.00	405.33	28.99	57.84	69.22
365.2	0.00	405.12	28.96	57.86	69.22
365.4	0.00	405.28	29.02	57.79	69.22
365.6	0.00	404.54	29.02	57.78	69.22
365.8	0.00	404.98	28.90	57.75	69.22
366	0.00	404.69	29.10	57.76	69.21
366.2	0.00	404.65	29.13	57.79	69.21
366.4	0.00	404.99	29.36	57.81	69.21
366.6	0.00	405.01	29.61	57.79	69.21
366.8	0.00	404.58	29.76	57.79	69.21
367	0.00	405.35	29.81	57.77	69.20
367.2	0.00	405.76	29.90	57.73	69.20
367.4	0.00	405.49	29.78	57.68	69.20
367.6	0.00	405.93	29.84	57.62	69.20
367.8	0.00	405.08	29.67	57.57	69.20
368	0.00	404.82	29.50	57.53	69.20
368.2	0.00	405.26	29.36	57.47	69.20
368.4	0.00	405.11	29.21	57.45	69.22
368.6	0.00	404.27	29.16	57.42	69.21
368.8	0.00	404.62	29.13	57.39	69.21
369	0.00	403.80	29.04	57.32	69.21
369.2	0.00	404.58	29.10	57.31	69.21
369.4	0.00	405.09	28.93	57.27	69.21
369.6	0.00	404.58	27.05	57.23	69.22
369.8	0.00	404.57	26.79	57.17	69.22
370	0.00	404.71	26.57	57.12	69.23
370.2	0.00	404.51	25.97	57.07	69.24
370.4	0.00	404.38	25.80	57.08	69.24
370.6	0.00	404.28	25.54	56.94	69.24
370.8	0.00	404.00	25.48	56.91	69.22
371	0.00	404.49	26.99	56.89	69.22
371.2	0.00	403.58	27.02	56.86	69.23
371.4	0.00	404.54	27.05	56.85	69.22
371.6	0.00	405.26	27.14	56.86	69.22
371.8	0.00	405.36	26.71	56.83	69.22
372	0.00	406.02	26.68	56.91	69.22
372.2	0.00	406.19	26.65	56.90	69.24
372.4	0.00	406.24	26.97	56.87	69.24
372.6	0.00	406.54	27.02	56.86	69.23
372.8	0.00	406.23	27.11	56.83	69.23
373	0.00	405.48	27.19	56.78	69.23
373.2	0.00	405.22	27.65	56.73	69.23
373.4	0.00	404.31	27.71	57.00	69.23
373.6	0.00	403.94	27.91	57.00	69.22
373.8	0.00	403.84	27.90	57.01	69.22
374	0.00	404.18	28.05	57.02	69.22
374.2	0.00	403.34	28.22	57.04	69.21
374.4	0.00	403.12	28.50	57.05	69.21
374.6	0.00	403.44	27.96	57.08	69.21
374.8	0.00	403.31	28.13	56.79	69.21
375	0.00	403.50	28.02	56.77	69.21
375.2	0.00	403.20	28.02	56.76	69.21
375.4	0.00	403.60	27.79	56.76	69.21
375.6	0.00	403.71	27.82	56.72	69.21
375.8	0.00	405.09	27.68	56.70	69.21
376	0.00	404.74	28.39	56.65	69.21
376.2	0.00	404.52	27.88	56.59	69.21
376.4	0.00	404.81	27.82	56.55	69.21
376.6	0.00	405.39	27.79	56.52	69.21
376.8	0.00	405.16	28.08	56.50	69.21
377	0.00	404.65	28.36	56.49	69.21
377.2	0.00	403.57	28.45	56.21	69.21
377.4	0.00	403.36	28.53	56.20	69.21
377.6	0.00	404.01	29.13	56.20	69.20
377.8	0.00	403.64	29.24	56.18	69.20
378	0.00	403.60	29.27	56.15	69.20
378.2	0.00	403.24	29.10	56.12	69.20
378.4	0.00	404.38	29.02	56.09	69.21
378.6	0.00	403.78	29.04	56.34	69.21
378.8	0.00	404.47	28.96	56.34	69.21
379	0.00	403.85	28.90	56.31	69.22
379.2	0.00	404.31	29.13	56.31	69.22
379.4	0.00	404.12	28.67	56.30	69.22
379.6	0.00	404.40	28.82	56.29	69.22
379.8	0.00	403.58	28.67	56.28	69.22
380	0.00	404.13	28.67	56.28	69.21
380.2	0.00	402.86	28.70	56.20	69.23
380.4	0.00	403.14	28.67	56.34	69.22
380.6	0.00	402.89	28.50	56.34	69.22
380.8	0.00	402.56	29.02	56.34	69.22
381	0.00	402.60	29.04	56.31	69.22
381.2	0.00	402.25	29.13	56.30	69.22
381.4	0.00	402.28	29.19	56.28	69.22
381.6	0.00	402.53	29.81	56.29	69.20
381.8	0.00	402.49	29.78	56.11	69.21
382	0.00	402.25	29.78	56.06	69.21
382.2	0.00	402.79	29.73	56.03	69.21
382.4	0.00	402.52	29.53	55.98	69.21
382.6	0.00	403.29	29.53	55.89	69.21
382.8	0.00	403.13	29.50	55.86	69.19
383	0.00	403.80	28.87	55.84	69.20
383.2	0.00	403.85	28.82	55.84	69.19
383.4	0.00	404.10	28.93	55.83	69.19
383.6	0.00	404.14	28.96	55.80	69.19
383.8	0.00	404.21	29.10	55.79	69.19
384	0.00	404.52	29.10	55.82	69.19
384.2	0.00	403.91	28.96	55.78	69.20
384.4	0.00	404.22	28.90	55.77	69.22
384.6	0.00	403.85	28.99	55.74	69.22
384.8	0.00	403.74	28.73	55.71	69.23
385	0.00	403.00	28.76	55.70	69.23
385.2	0.00	403.41	28.73	55.70	69.23
385.4	0.00	402.90	27.76	55.70	69.23
385.6	0.00	403.63	28.02	55.68	69.22
385.8	0.00	403.60	28.08	55.67	69.21
386	0.00	404.07	28.08	55.64	69.21
386.2	0.00	404.10	28.28	55.61	69.21
386.4	0.00	404.68	28.22	55.57	69.20
386.6	0.00	405.30	28.16	55.54	69.21
386.8	0.00	405.15	29.16	55.51	69.20
387	0.00	404.92	28.82	55.47	69.20
387.2	0.00	404.76	28.73	55.45	69.20
387.4	0.00	404.58	28.73	55.42	69.21
387.6	0.00	404.14	28.50	55.38	69.21
387.8	0.00	404.51	28.59	55.38	69.20
388	0.00	403.12	28.73	55.44	69.20
388.2	0.00	403.88	28.59	55.39	69.22
388.4	0.00	404.44	28.79	55.39	69.22
388.6	0.00	403.51	28.82	55.35	69.22
388.8	0.00	403.51	28.90	55.32	69.21
389	0.00	403.50	28.90	55.32	69.21
389.2	0.00	402.46	30.07	55.24	69.24
389.4	0.00	402.95	29.96	55.12	69.23
389.6	0.00	403.07	29.98	55.12	69.22
389.8	0.00	402.65	29.84	55.10	69.22
390	0.00	404.04	29.87	55.10	69.22
390.2	0.00	404.05	29.87	55.01	69.22
390.4	0.00	404.47	30.04	55.03	69.22
390.6	0.00	404.95	28.82	55.07	69.20
390.8	0.00	404.72	28.93	55.07	69.20
391	0.00	403.44	28.99	55.03	69.20
391.2	0.00	403.73	29.07	54.99	69.21
391.4	0.00	403.51	29.33	54.98	69.21
391.6	0.00	403.88	29.36	55.03	69.21
391.8	0.00	404.35	29.27	54.99	69.21
392	0.00	404.12	29.24	54.97	69.21
392.2	0.00	404.66	29.04	54.93	69.21
392.4	0.00	405.25	28.82	54.90	69.21
392.6	0.00	405.57	28.76	54.87	69.21
392.8	0.00	405.01	28.33	54.85	69.21
393	0.00	405.01	27.36	54.80	69.21
393.2	0.00	404.39	27.42	54.77	69.21
393.4	0.00	404.91	27.42	54.73	69.20
393.6	0.00	404.32	27.53	54.71	69.20
393.8	0.00	405.13	27.88	54.71	69.20
394	0.00	404.04	27.85	54.68	69.20
394.2	0.00	404.03	27.96	54.65	69.21
394.4	0.00	403.49	28.87	54.65	69.21
394.6	0.00	403.09	28.33	54.63	69.21
394.8	0.00	402.45	28.36	54.63	69.21
395	0.00	402.28	28.19	54.61	69.21
395.2	0.00	401.75	28.16	54.59	69.21
395.4	0.00	402.12	28.25	54.62	69.21
395.6	0.00	402.58	28.16	54.45	69.21
395.8	0.00	402.56	28.13	54.44	69.20
396	0.00	403.56	28.65	54.44	69.21
396.2	0.00	403.61	28.65	54.42	69.21
396.4	0.00	404.62	28.82	54.42	69.21
396.6	0.00	404.22	28.73	54.42	69.21
396.8	0.00	404.75	28.73	54.39	69.21
397	0.00	404.37	28.79	54.52	69.21
397.2	0.00	404.98	28.96	54.40	69.21
397.4	0.00	404.81	29.13	54.34	69.21
397.6	0.00	404.71	29.19	54.30	69.21
397.8	0.00	404.41	29.13	54.26	69.21
398	0.00	404.95	29.07	54.24	69.21
398.2	0.00	404.58	29.19	54.16	69.22
398.4	0.00	404.82	29.24	54.17	69.21
398.6	0.00	404.41	29.10	54.24	69.21
398.8	0.00	403.95	28.93	54.25	69.20
399	0.00	404.28	28.93	54.24	69.20
399.2	0.00	404.08	29.02	54.22	69.20
399.4	0.00	404.05	29.07	54.21	69.20
399.6	0.00	403.85	29.07	54.24	69.18
399.8	0.00	403.98	29.19	54.22	69.19
400	0.00	404.37	29.16	54.23	69.19
400.2	0.00	404.62	29.21	54.22	69.19
400.4	0.00	404.72	29.33	54.23	69.20
400.6	0.00	404.30	29.30	54.21	69.20
400.8	0.00	404.07	29.44	54.18	69.20
401	0.00	404.17	29.47	54.17	69.20
401.2	0.00	404.45	29.47	54.15	69.21
401.4	0.00	403.73	29.70	54.12	69.21
401.6	0.00	403.51	29.61	54.09	69.21
401.8	0.00	402.96	29.56	54.06	69.21
402	0.00	403.16	29.56	54.06	69.20
402.2	0.00	402.63	29.41	54.02	69.20
402.4	0.00	403.07	29.27	53.97	69.20
402.6	0.00	402.04	29.19	53.98	69.19
402.8	0.00	402.53	29.04	53.94	69.19
403	0.00	402.73	29.19	53.92	69.19
403.2	0.00	403.20	29.04	53.87	69.19
403.4	0.00	403.80	28.93	53.83	69.20
403.6	0.00	404.17	28.96	53.83	69.20
403.8	0.00	404.05	29.21	53.83	69.20
404	0.00	404.24	29.24	53.77	69.20
404.2	0.00	404.24	29.24	53.71	69.20
404.4	0.00	403.67	29.04	53.70	69.22
404.6	0.00	403.68	29.16	53.69	69.22
404.8	0.00	402.66	29.21	53.68	69.21
405	0.00	402.40	29.13	53.67	69.22
405.2	0.00	401.65	28.93	53.66	69.21
405.4	0.00	402.36	28.87	53.62	69.21
405.6	0.00	401.85	28.79	53.63	69.22
405.8	0.00	403.06	28.82	53.61	69.20
406	0.00	402.40	28.82	53.60	69.19
406.2	0.00	403.22	28.87	53.59	69.19
406.4	0.00	402.99	29.02	53.57	69.19
406.6	0.00	403.81	28.84	53.54	69.19
406.8	0.00	402.75	29.04	53.53	69.19
407	0.00	403.33	29.70	53.51	69.19
407.2	0.00	402.60	29.64	53.46	69.19
407.4	0.00	403.14	29.67	53.55	69.19
407.6	0.00	402.82	29.76	53.51	69.19
407.8	0.00	403.10	29.67	53.47	69.20
408	0.00	403.40	29.73	53.44	69.20
408.2	0.00	402.26	29.56	53.42	69.20
408.4	0.00	402.72	28.90	53.40	69.20
408.6	0.00	402.19	29.19	53.38	69.20
408.8	0.00	402.72	29.19	53.25	69.20
409	0.00	402.25	29.07	53.11	69.20
409.2	0.00	402.46	29.16	53.10	69.20
409.4	0.00	401.77	29.33	53.07	69.20
409.6	0.00	403.41	29.30	53.07	69.20
409.8	0.00	402.85	29.36	53.07	69.20
410	0.00	403.70	29.36	53.04	69.20
410.2	0.00	403.39	29.27	53.05	69.20
410.4	0.00	403.78	29.24	53.17	69.20
410.6	0.00	403.76	29.36	53.15	69.20
410.8	0.00	404.27	29.44	53.18	69.20
411	0.00	404.52	29.61	53.15	69.19
411.2	0.00	404.51	29.24	53.14	69.19
411.4	0.00	404.47	29.02	53.14	69.19
411.6	0.00	404.52	29.04	53.10	69.19
411.8	0.00	404.42	29.19	53.06	69.19
412	0.00	404.00	29.13	53.03	69.20
412.2	0.00	403.91	28.93	52.97	69.20
412.4	0.00	403.60	28.84	52.94	69.20
412.6	0.00	403.80	29.21	52.91	69.20
412.8	0.00	403.33	29.30	52.86	69.20
413	0.00	402.83	29.16	52.82	69.20
413.2	0.00	403.36	29.07	52.81	69.20
413.4	0.00	403.87	28.79	52.84	69.20
413.6	0.00	403.91	29.07	52.79	69.20
413.8	0.00	404.14	29.02	52.78	69.20
414	0.00	404.01	29.07	52.74	69.20
414.2	0.00	403.88	28.90	52.74	69.20
414.4	0.00	404.32	28.93	52.73	69.20
414.6	0.00	404.37	28.73	52.70	69.20
414.8	0.00	404.11	28.76	52.63	69.20
415	0.00	403.56	28.76	52.61	69.20
415.2	0.00	403.37	28.13	52.58	69.20
415.4	0.00	403.27	28.08	52.58	69.20
415.6	0.00	403.22	28.02	52.56	69.20
415.8	0.00	403.41	28.19	52.57	69.20
416	0.00	402.48	28.39	52.58	69.20
416.2	0.00	402.42	28.30	52.55	69.20
416.4	0.00	402.85	28.25	52.54	69.19
416.6	0.00	403.33	28.73	52.54	69.19
416.8	0.00	402.92	29.36	52.52	69.19
417	0.00	404.04	29.56	52.51	69.19
417.2	0.00	403.76	29.39	52.46	69.19
417.4	0.00	404.34	29.33	52.37	69.19
417.6	0.00	404.42	29.39	52.35	69.19
417.8	0.00	403.78	29.50	52.23	69.19
418	0.00	403.74	29.50	52.19	69.20
418.2	0.00	403.64	28.87	52.14	69.20
418.4	0.00	402.93	28.87	52.10	69.20
418.6	0.00	402.87	28.93	52.07	69.20
418.8	0.00	403.37	29.02	52.09	69.20
419	0.00	403.70	29.33	52.09	69.20
419.2	0.00	404.00	29.04	52.15	69.20
419.4	0.00	403.26	29.04	52.14	69.20
419.6	0.00	403.87	28.96	52.12	69.20
419.8	0.00	403.58	29.02	52.11	69.20
420	0.00	403.91	28.84	52.05	69.20
420.2	0.00	402.96	28.76	52.04	69.18
420.4	0.00	402.89	28.45	52.02	69.18
420.6	0.00	402.85	28.53	51.98	69.18
420.8	0.00	402.67	28.50	51.96	69.18
421	0.00	402.82	28.59	51.96	69.18
421.2	0.00	403.64	27.96	51.93	69.18
421.4	0.00	403.54	28.10	51.98	69.18
421.6	0.00	404.08	28.08	51.96	69.20
421.8	0.00	404.55	27.96	51.92	69.20
422	0.00	404.58	27.82	51.93	69.20
422.2	0.00	405.43	27.88	51.98	69.20
422.4	0.00	404.92	27.82	51.94	69.20
422.6	0.00	404.51	28.56	51.89	69.20
422.8	0.00	404.39	28.39	51.83	69.20
423	0.00	404.30	28.56	51.79	69.20
423.2	0.00	404.08	28.53	51.77	69.20
423.4	0.00	403.54	29.16	51.73	69.20
423.6	0.00	403.68	29.16	51.64	69.20
423.8	0.00	403.63	29.04	51.63	69.20
424	0.00	404.00	28.90	51.64	69.20
424.2	0.00	403.20	28.96	51.63	69.20
424.4	0.00	403.63	28.82	51.67	69.20
424.6	0.00	403.98	28.93	51.63	69.20
424.8	0.00	404.85	28.33	51.60	69.20
425	0.00	404.84	28.22	51.61	69.20
425.2	0.00	405.18	28.22	51.61	69.20
425.4	0.00	404.68	28.19	51.59	69.20
425.6	0.00	405.67	28.13	51.56	69.20
425.8	0.00	405.96	28.22	51.52	69.20
426	0.00	404.98	28.28	51.52	69.20
426.2	0.00	405.16	28.25	51.54	69.19
426.4	0.00	404.75	28.28	51.49	69.19
426.6	0.00	404.82	28.25	51.38	69.19
426.8	0.00	405.38	28.13	51.36	69.19
427	0.00	405.30	28.10	51.32	69.20
427.2	0.00	404.74	27.91	51.26	69.20
427.4	0.00	404.88	27.88	51.22	69.20
427.6	0.00	404.18	27.65	51.15	69.21
427.8	0.00	404.72	28.30	51.12	69.21
428	0.00	404.99	28.27	51.15	69.21
428.2	0.00	404.07	28.28	51.08	69.22
428.4	0.00	403.85	28.19	51.06	69.22
428.6	0.00	403.54	28.28	51.05	69.22
428.8	0.00	404.59	28.22	51.01	69.22
429	0.00	404.66	28.39	51.01	69.22
429.2	0.00	404.65	27.71	50.99	69.22
429.4	0.00	404.07	27.68	50.96	69.22
429.6	0.00	404.54	27.65	50.98	69.22
429.8	0.00	404.27	27.68	50.99	69.22
430	0.00	404.94	27.71	50.96	69.19
430.2	0.00	404.11	27.62	50.98	69.19
430.4	0.00	404.35	27.56	50.95	69.20
430.6	0.00	403.13	27.62	50.93	69.19
430.8	0.00	403.51	27.42	50.95	69.19
431	0.00	403.98	27.25	50.98	69.19
431.2	0.00	404.14	27.28	50.96	69.19
431.4	0.00	403.56	27.31	51.15	69.22
431.6	0.00	403.66	27.51	51.13	69.22
431.8	0.00	404.07	27.65	51.14	69.22
432	0.00	404.62	27.85	51.14	69.21
432.2	0.00	404.07	28.25	51.15	69.21
432.4	0.00	403.33	28.82	51.10	69.21
432.6	0.00	403.80	29.16	51.11	69.21
432.8	0.00	403.63	29.30	50.95	69.20
433	0.00	403.64	29.30	50.92	69.20
433.2	0.00	402.92	29.64	50.92	69.20
433.4	0.00	403.26	29.81	50.93	69.20
433.6	0.00	403.39	29.90	50.92	69.20
433.8	0.00	404.04	29.98	50.93	69.19
434	0.00	403.93	30.10	50.96	69.19
434.2	0.00	404.32	30.55	50.93	69.19
434.4	0.00	403.76	30.55	50.93	69.19
434.6	0.00	404.58	30.55	50.92	69.17
434.8	0.00	404.20	30.50	50.90	69.17
435	0.00	404.18	30.67	50.89	69.18
435.2	0.00	404.24	30.58	50.85	69.18
435.4	0.00	403.67	30.58	50.81	69.18
435.6	0.00	404.07	30.07	50.78	69.18
435.8	0.00	404.42	30.21	50.77	69.18
436	0.00	403.73	30.01	50.73	69.19
436.2	0.00	403.63	30.04	50.71	69.19
436.4	0.00	404.05	29.81	50.68	69.19
436.6	0.00	403.36	29.84	50.71	69.19
436.8	0.00	403.77	29.76	50.65	69.19
437	0.00	403.80	29.81	50.64	69.17
437.2	0.00	403.68	29.78	50.62	69.18
437.4	0.00	404.15	29.81	50.58	69.18
437.6	0.00	404.78	29.67	50.54	69.18
437.8	0.00	405.19	29.64	50.52	69.18
438	0.00	405.18	28.84	50.46	69.18
438.2	0.00	405.40	28.82	50.45	69.18
438.4	0.00	404.44	28.76	50.40	69.20
438.6	0.00	405.05	28.73	50.36	69.20
438.8	0.00	404.49	28.65	50.36	69.20
439	0.00	404.32	28.65	50.35	69.20
439.2	0.00	403.74	28.65	50.32	69.19
439.4	0.00	403.93	29.33	50.28	69.19
439.6	0.00	403.47	29.24	50.27	69.20
439.8	0.00	404.22	29.30	50.25	69.20
440	0.00	404.27	29.19	50.23	69.20
440.2	0.00	404.44	29.19	50.20	69.21
440.4	0.00	404.84	29.10	50.17	69.21
440.6	0.00	404.45	29.10	50.06	69.21
440.8	0.00	404.25	28.90	50.02	69.22
441	0.00	404.47	28.65	49.99	69.22
441.2	0.00	404.44	28.33	49.97	69.22
441.4	0.00	403.81	28.25	49.96	69.22
441.6	0.00	404.17	28.08	49.85	69.22
441.8	0.00	403.58	28.05	49.82	69.19
442	0.00	404.28	27.96	49.87	69.19
442.2	0.00	403.90	28.19	49.87	69.19
442.4	0.00	404.86	28.25	49.86	69.19
442.6	0.00	404.20	28.56	49.81	69.18
442.8	0.00	403.97	28.73	49.78	69.18
443	0.00	403.90	28.79	49.85	69.18
443.2	0.00	404.08	28.70	49.94	69.21
443.4	0.00	403.00	28.82	49.89	69.22
443.6	0.00	403.83	28.56	49.88	69.21
443.8	0.00	402.96	28.53	49.82	69.22
444	0.00	403.46	28.59	49.82	69.22
444.2	0.00	403.53	28.33	49.82	69.21
444.4	0.00	403.68	27.88	49.79	69.21
444.6	0.00	403.60	28.02	49.66	69.22
444.8	0.00	404.40	27.90	49.70	69.21
445	0.00	404.64	28.19	49.68	69.21
445.2	0.00	404.28	28.22	49.67	69.21
445.4	0.00	404.55	28.08	49.66	69.21
445.6	0.00	404.59	28.56	49.63	69.21
445.8	0.00	404.31	29.04	49.62	69.21
446	0.00	404.47	29.02	49.61	69.21
446.2	0.00	404.42	29.10	49.56	69.21
446.4	0.00	404.22	28.82	49.53	69.21
446.6	0.00	404.55	28.84	49.43	69.21
446.8	0.00	404.74	28.50	49.41	69.21
447	0.00	405.11	28.25	49.40	69.21
447.2	0.00	405.40	28.13	49.40	69.21
447.4	0.00	405.28	27.88	49.37	69.18
447.6	0.00	405.08	27.96	49.37	69.18
447.8	0.00	404.69	27.96	49.36	69.18
448	0.00	404.12	27.91	49.41	69.18
448.2	0.00	403.73	28.05	49.38	69.18
448.4	0.00	403.17	28.25	49.34	69.18
448.6	0.00	403.58	28.22	49.31	69.18
448.8	0.00	403.30	28.25	49.27	69.21
449	0.00	404.20	28.22	49.24	69.21
449.2	0.00	404.25	28.19	49.24	69.21
449.4	0.00	405.08	28.42	49.25	69.21
449.6	0.00	404.81	28.67	49.24	69.21
449.8	0.00	405.43	28.42	49.26	69.21
450	0.00	405.01	28.56	49.40	69.21
450.2	0.00	405.33	28.82	49.41	69.20
450.4	0.00	404.59	28.76	49.39	69.20
450.6	0.00	404.89	28.84	49.36	69.20
450.8	0.00	405.16	28.79	49.33	69.20
451	0.00	405.43	28.67	49.33	69.20
451.2	0.00	405.87	26.82	49.31	69.20
451.4	0.00	405.35	26.91	49.18	69.20
451.6	0.00	405.77	26.74	49.16	69.20
451.8	0.00	405.90	26.68	49.17	69.20
452	0.00	405.84	26.60	49.16	69.20
452.2	0.00	405.21	26.57	49.14	69.20
452.4	0.00	404.61	26.60	49.09	69.22
452.6	0.00	404.92	28.33	49.08	69.22
452.8	0.00	405.22	28.22	49.02	69.22
453	0.00	405.18	28.19	49.00	69.22
453.2	0.00	404.89	28.28	48.98	69.22
453.4	0.00	404.92	28.45	48.95	69.22
453.6	0.00	404.75	28.45	48.94	69.22
453.8	0.00	405.35	28.56	48.96	69.20
454	0.00	404.34	28.65	48.93	69.20
454.2	0.00	404.44	28.79	48.92	69.20
454.4	0.00	403.71	28.93	48.93	69.19
454.6	0.00	404.00	29.07	48.93	69.19
454.8	0.00	403.70	29.02	48.95	69.19
455	0.00	403.95	29.56	48.98	69.19
455.2	0.00	403.78	29.50	48.97	69.18
455.4	0.00	404.04	29.50	48.96	69.19
455.6	0.00	404.24	29.84	49.00	69.17
455.8	0.00	404.04	30.15	49.01	69.17
456	0.00	404.08	30.24	49.01	69.17
456.2	0.00	403.97	30.44	49.01	69.17
456.4	0.00	404.07	29.98	48.98	69.17
456.6	0.00	403.61	30.13	48.97	69.16
456.8	0.00	403.81	30.33	48.98	69.16
457	0.00	403.47	30.04	48.91	69.18
457.2	0.00	403.94	29.73	48.86	69.18
457.4	0.00	403.80	29.61	48.81	69.18
457.6	0.00	404.25	29.53	48.78	69.18
457.8	0.00	404.18	29.44	48.73	69.18
458	0.00	404.86	29.36	48.70	69.18
458.2	0.00	404.82	29.27	48.65	69.18
458.4	0.00	404.85	28.96	48.63	69.19
458.6	0.00	404.69	28.70	48.51	69.19
458.8	0.00	404.45	28.45	48.47	69.20
459	0.00	404.15	28.02	48.42	69.20
459.2	0.00	403.84	27.71	48.37	69.20
459.4	0.00	403.66	27.34	48.32	69.21
459.6	0.00	403.76	26.88	48.27	69.21
459.8	0.00	404.07	27.16	48.25	69.21
460	0.00	404.21	27.28	48.32	69.21
460.2	0.00	404.86	27.28	48.33	69.21
460.4	0.00	404.59	27.25	48.33	69.22
460.6	0.00	405.09	27.34	48.36	69.22
460.8	0.00	405.13	27.36	48.38	69.22
461	0.00	404.94	27.56	48.36	69.22
461.2	0.00	404.18	27.48	48.35	69.22
461.4	0.00	403.60	27.22	48.31	69.23
461.6	0.00	403.54	27.31	48.31	69.22
461.8	0.00	403.68	27.53	48.25	69.21
462	0.00	403.74	27.73	48.24	69.20
462.2	0.00	403.50	27.85	48.21	69.20
462.4	0.00	403.40	27.71	48.21	69.20
462.6	0.00	403.94	27.71	48.21	69.19
462.8	0.00	404.28	27.96	48.22	69.18
463	0.00	403.80	27.99	48.19	69.19
463.2	0.00	404.14	27.91	48.20	69.19
463.4	0.00	403.31	27.79	48.14	69.20
463.6	0.00	403.13	27.73	48.13	69.19
463.8	0.00	402.83	28.13	48.14	69.19
464	0.00	402.90	28.76	48.14	69.19
464.2	0.00	403.29	28.87	48.14	69.19
464.4	0.00	403.73	29.04	48.18	69.19
464.6	0.00	403.43	29.21	48.20	69.19
464.8	0.00	404.11	29.44	48.22	69.19
465	0.00	404.37	28.42	48.24	69.19
465.2	0.00	405.15	28.42	48.22	69.19
465.4	0.00	404.71	27.79	48.22	69.19
465.6	0.00	404.58	27.88	48.21	69.19
465.8	0.00	403.90	27.85	48.16	69.19
466	0.00	404.37	27.88	48.14	69.18
466.2	0.00	403.53	27.91	48.16	69.18
466.4	0.00	403.64	29.10	48.13	69.18
466.6	0.00	402.95	29.21	48.15	69.18
466.8	0.00	403.78	29.02	48.13	69.17
467	0.00	403.14	29.10	48.11	69.18
467.2	0.00	404.52	28.87	48.09	69.17
467.4	0.00	403.61	28.87	48.08	69.17
467.6	0.00	404.34	28.79	48.02	69.18
467.8	0.00	404.11	28.82	48.00	69.18
468	0.00	404.52	28.67	47.96	69.18
468.2	0.00	402.89	28.84	47.93	69.18
468.4	0.00	403.36	28.90	47.90	69.18
468.6	0.00	402.35	29.02	47.89	69.18
468.8	0.00	402.96	28.99	47.85	69.18
469	0.00	403.30	29.04	47.86	69.18
469.2	0.00	403.27	29.07	47.82	69.18
469.4	0.00	403.29	28.96	47.78	69.18
469.6	0.00	404.04	28.90	47.73	69.18
469.8	0.00	404.15	28.87	47.73	69.18
470	0.00	404.40	28.87	47.83	69.18
470.2	0.00	404.35	28.93	47.82	69.18
470.4	0.00	403.83	28.70	47.80	69.18
470.6	0.00	404.59	28.36	47.79	69.18
470.8	0.00	404.34	28.30	47.80	69.17
471	0.00	404.21	28.42	47.82	69.17
471.2	0.00	403.57	28.19	47.81	69.18
471.4	0.00	403.33	28.22	47.68	69.18
471.6	0.00	403.54	28.19	47.64	69.18
471.8	0.00	404.30	28.33	47.63	69.18
472	0.00	403.73	28.65	47.59	69.18
472.2	0.00	403.40	28.76	47.57	69.18
472.4	0.00	404.27	28.62	47.51	69.18
472.6	0.00	404.14	28.56	47.47	69.18
472.8	0.00	403.88	28.45	47.45	69.18
473	0.00	403.47	28.33	47.45	69.18
473.2	0.00	403.50	28.53	47.40	69.18
473.4	0.00	403.19	28.45	47.41	69.18
473.6	0.00	403.74	28.62	47.40	69.17
473.8	0.00	403.40	28.56	47.37	69.17
474	0.00	404.55	28.67	47.32	69.17
474.2	0.00	405.18	28.67	47.32	69.17
474.4	0.00	405.57	28.76	47.29	69.17
474.6	0.00	404.95	28.39	47.30	69.19
474.8	0.00	405.42	28.56	47.27	69.19
475	0.00	405.13	28.22	47.25	69.20
475.2	0.00	405.18	28.08	47.23	69.20
475.4	0.00	404.84	27.93	47.24	69.21
475.6	0.00	404.67	27.73	47.21	69.21
475.8	0.00	404.31	27.59	47.17	69.21
476	0.00	404.44	27.65	47.15	69.20
476.2	0.00	404.79	27.42	47.10	69.20
476.4	0.00	404.94	27.31	47.25	69.20
476.6	0.00	404.69	27.42	47.25	69.21
476.8	0.00	404.82	27.28	47.21	69.21
477	0.00	404.15	27.71	47.16	69.21
477.2	0.00	404.18	27.59	47.16	69.21
477.4	0.00	404.20	27.42	47.11	69.21
477.6	0.00	403.51	27.39	47.11	69.21
477.8	0.00	403.71	27.36	46.90	69.21
478	0.00	403.67	27.48	46.89	69.20
478.2	0.00	403.27	27.68	46.88	69.20
478.4	0.00	403.47	27.62	46.88	69.20
478.6	0.00	403.56	27.91	46.88	69.20
478.8	0.00	403.06	28.28	46.90	69.19
479	0.00	403.64	28.62	46.90	69.19
479.2	0.00	403.29	29.04	46.91	69.19
479.4	0.00	403.68	29.27	46.93	69.18
479.6	0.00	403.80	29.56	46.98	69.18
479.8	0.00	404.35	29.76	47.02	69.17
480	0.00	403.78	29.78	47.04	69.16
480.2	0.00	404.71	30.04	47.03	69.16
480.4	0.00	404.38	29.96	47.01	69.16
480.6	0.00	404.92	29.96	47.02	69.16
480.8	0.00	404.65	30.01	47.01	69.16
481	0.00	405.21	29.98	46.95	69.16
481.2	0.00	405.13	30.18	46.90	69.17
481.4	0.00	405.80	30.18	46.87	69.17
481.6	0.00	405.23	30.07	46.86	69.17
481.8	0.00	405.89	29.93	46.84	69.17
482	0.00	405.25	30.04	46.80	69.17
482.2	0.00	405.69	29.64	46.75	69.17
482.4	0.00	405.12	29.58	46.74	69.17
482.6	0.00	404.89	29.30	46.70	69.17
482.8	0.00	405.03	29.36	46.71	69.16
483	0.00	404.78	29.27	46.65	69.16
483.2	0.00	404.64	29.41	46.65	69.16
483.4	0.00	404.18	29.33	46.63	69.17
483.6	0.00	403.85	29.50	46.59	69.17
483.8	0.00	403.70	29.16	46.57	69.17
484	0.00	403.91	28.96	46.57	69.17
484.2	0.00	403.29	28.96	46.54	69.18
484.4	0.00	403.60	28.96	46.52	69.19
484.6	0.00	402.99	29.02	46.49	69.19
484.8	0.00	403.95	29.50	46.47	69.19
485	0.00	403.90	29.56	46.48	69.19
485.2	0.00	404.57	29.98	46.46	69.19
485.4	0.00	404.44	30.10	46.45	69.19
485.6	0.00	405.30	30.13	46.41	69.19
485.8	0.00	405.12	30.01	46.42	69.18
486	0.00	405.06	29.70	46.40	69.18
486.2	0.00	404.69	29.10	46.39	69.18
486.4	0.00	405.52	29.19	46.39	69.19
486.6	0.00	405.55	29.07	46.35	69.19
486.8	0.00	405.40	28.93	46.33	69.19
487	0.00	405.32	28.67	46.29	69.19
487.2	0.00	405.38	28.93	46.26	69.19
487.4	0.00	405.82	29.02	46.25	69.19
487.6	0.00	406.37	28.96	46.20	69.19
487.8	0.00	405.42	28.67	46.15	69.19
488	0.00	404.79	28.65	46.13	69.19
488.2	0.00	404.89	28.62	46.11	69.19
488.4	0.00	404.79	28.76	46.17	69.19
488.6	0.00	405.36	28.62	46.16	69.19
488.8	0.00	404.91	28.56	46.14	69.19
489	0.00	404.44	29.36	46.13	69.19
489.2	0.00	404.04	29.30	46.10	69.19
489.4	0.00	404.44	29.39	46.11	69.19
489.6	0.00	404.27	29.41	46.07	69.19
489.8	0.00	404.61	29.50	46.02	69.19
490	0.00	403.57	29.41	46.00	69.19
490.2	0.00	403.94	29.56	45.98	69.19
490.4	0.00	403.85	28.73	45.96	69.19
490.6	0.00	404.67	28.76	45.96	69.19
490.8	0.00	404.41	28.67	45.93	69.19
491	0.00	404.45	28.53	45.74	69.20
491.2	0.00	403.61	28.53	45.71	69.20
491.4	0.00	404.59	28.28	45.69	69.20
491.6	0.00	404.14	28.02	45.68	69.20
491.8	0.00	404.24	27.99	45.67	69.20
492	0.00	403.53	28.08	45.71	69.20
492.2	0.00	403.98	27.96	45.67	69.21
492.4	0.00	404.24	27.96	45.83	69.21
492.6	0.00	404.03	27.79	45.78	69.21
492.8	0.00	403.39	27.68	45.74	69.20
493	0.00	403.58	27.85	45.70	69.20
493.2	0.00	403.20	27.73	45.65	69.20
493.4	0.00	403.13	27.73	45.56	69.20
493.6	0.00	402.92	27.68	45.57	69.19
493.8	0.00	402.16	27.79	45.54	69.20
494	0.00	402.59	27.85	45.55	69.19
494.2	0.00	402.56	28.19	45.56	69.19
494.4	0.00	403.12	28.22	45.54	69.19
494.6	0.00	403.39	28.42	45.61	69.19
494.8	0.00	404.10	28.53	45.61	69.19
495	0.00	403.57	28.45	45.59	69.19
495.2	0.00	404.38	28.70	45.61	69.19
495.4	0.00	404.32	28.50	45.60	69.19
495.6	0.00	404.49	28.47	45.62	69.19
495.8	0.00	403.66	28.50	45.63	69.20
496	0.00	403.67	28.42	45.57	69.20
496.2	0.00	403.31	28.39	45.58	69.20
496.4	0.00	403.90	28.53	45.57	69.20
496.6	0.00	403.74	28.28	45.56	69.20
496.8	0.00	403.64	28.62	45.57	69.20
497	0.00	403.40	28.73	45.52	69.20
497.2	0.00	404.00	28.84	45.52	69.19
497.4	0.00	403.84	28.82	45.51	69.19
497.6	0.00	403.80	28.87	45.48	69.20
497.8	0.00	403.71	28.93	45.48	69.19
498	0.00	403.85	29.07	45.45	69.19
498.2	0.00	404.28	28.93	45.69	69.19
498.4	0.00	404.17	28.96	45.68	69.19
498.6	0.00	403.67	28.79	45.66	69.19
498.8	0.00	403.57	29.44	45.62	69.19
499	0.00	403.80	29.36	45.63	69.18
499.2	0.00	403.76	29.41	45.60	69.19
499.4	0.00	403.06	29.30	45.60	69.19
499.6	0.00	402.58	29.21	45.30	69.19
499.8	0.00	403.12	29.39	45.29	69.19
500	0.00	402.93	29.36	45.28	69.19
500.2	0.00	403.14	28.93	45.28	69.19
500.4	0.00	403.13	28.90	45.25	69.20
500.6	0.00	403.41	29.02	45.24	69.20
500.8	0.00	403.51	28.93	45.22	69.19
501	0.00	403.93	29.13	45.24	69.19
501.2	0.00	403.47	29.13	45.23	69.19
501.4	0.00	404.44	29.13	45.24	69.18
501.6	0.00	403.87	29.16	45.22	69.18
501.8	0.00	403.61	29.13	45.16	69.18
502	0.00	402.86	29.16	45.15	69.17
502.2	0.00	403.09	29.33	45.14	69.17
502.4	0.00	402.87	29.41	45.10	69.17
502.6	0.00	403.31	29.19	45.07	69.17
502.8	0.00	402.93	29.36	45.03	69.17
503	0.00	403.53	29.39	45.02	69.18
503.2	0.00	403.83	29.44	45.07	69.17
503.4	0.00	404.18	29.39	45.01	69.18
503.6	0.00	405.11	29.30	44.98	69.18
503.8	0.00	405.35	29.36	44.99	69.18
504	0.00	405.35	29.07	45.01	69.17
504.2	0.00	404.69	29.04	45.02	69.17
504.4	0.00	405.53	29.39	44.93	69.17
504.6	0.00	405.63	29.47	44.93	69.16
504.8	0.00	405.92	29.70	44.98	69.16
505	0.00	404.52	29.73	45.01	69.16
505.2	0.00	404.05	29.64	45.00	69.16
505.4	0.00	403.98	30.07	45.01	69.15
505.6	0.00	404.62	30.44	45.00	69.15
505.8	0.00	403.67	30.18	45.11	69.15
506	0.00	403.66	30.30	45.10	69.15
506.2	0.00	402.83	30.24	45.08	69.15
506.4	0.00	404.35	30.27	45.06	69.15
506.6	0.00	403.63	30.21	45.02	69.17
506.8	0.00	403.95	30.10	45.01	69.17
507	0.00	403.73	29.96	44.97	69.17
507.2	0.00	404.81	29.78	44.93	69.17
507.4	0.00	404.54	29.67	44.90	69.17
507.6	0.00	405.45	29.59	44.90	69.17
507.8	0.00	405.08	29.78	44.86	69.17
508	0.00	406.66	29.87	44.84	69.15
508.2	0.00	405.79	29.87	44.79	69.15
508.4	0.00	405.90	29.93	44.79	69.15
508.6	0.00	404.58	29.98	44.77	69.15
508.8	0.00	403.61	30.18	44.79	69.15
509	0.00	403.26	30.10	44.75	69.15
509.2	0.00	402.87	29.76	44.73	69.15
509.4	0.00	402.31	29.56	44.70	69.16
509.6	0.00	402.52	29.50	44.70	69.16
509.8	0.00	402.09	29.41	44.69	69.17
510	0.00	402.21	29.19	44.69	69.18
510.2	0.00	403.31	29.02	44.62	69.18
510.4	0.00	403.27	28.96	44.62	69.18
510.6	0.00	403.22	29.16	44.45	69.18
510.8	0.00	403.16	29.04	44.45	69.19
511	0.00	403.50	28.76	44.38	69.19
511.2	0.00	403.58	28.42	44.33	69.19
511.4	0.00	403.95	28.13	44.23	69.19
511.6	0.00	403.68	27.79	44.20	69.19
511.8	0.00	403.94	27.39	44.13	69.20
512	0.00	403.46	27.42	44.24	69.20
512.2	0.00	403.66	27.34	44.23	69.20
512.4	0.00	402.76	27.68	44.22	69.20
512.6	0.00	403.12	27.51	44.20	69.20
512.8	0.00	402.29	27.25	44.23	69.20
513	0.00	402.95	27.42	44.25	69.19
513.2	0.00	402.96	27.68	44.25	69.19
513.4	0.00	403.57	27.48	44.25	69.19
513.6	0.00	403.53	27.56	44.23	69.18
513.8	0.00	403.94	27.34	44.22	69.18
514	0.00	403.91	27.42	44.24	69.18
514.2	0.00	404.32	27.96	44.23	69.18
514.4	0.00	403.97	28.05	44.18	69.18
514.6	0.00	403.93	28.13	44.19	69.18
514.8	0.00	403.93	28.10	44.19	69.18
515	0.00	403.51	28.16	44.19	69.18
515.2	0.00	403.87	28.22	44.20	69.18
515.4	0.00	403.46	28.53	44.13	69.18
515.6	0.00	403.24	28.53	44.10	69.19
515.8	0.00	402.96	28.70	44.15	69.18
516	0.00	403.17	28.76	44.16	69.18
516.2	0.00	402.72	28.84	44.17	69.18
516.4	0.00	402.92	28.99	44.18	69.18
516.6	0.00	403.44	28.56	44.20	69.17
516.8	0.00	403.19	28.62	44.27	69.17
517	0.00	404.05	28.65	44.29	69.16
517.2	0.00	403.77	28.70	44.25	69.16
517.4	0.00	403.67	28.70	44.22	69.16
517.6	0.00	403.58	28.87	44.10	69.16
517.8	0.00	404.24	29.07	44.08	69.16
518	0.00	403.56	29.67	44.04	69.16
518.2	0.00	404.03	29.73	44.02	69.16
518.4	0.00	403.07	29.90	44.02	69.16
518.6	0.00	403.77	29.98	44.03	69.16
518.8	0.00	403.26	30.64	44.05	69.16
519	0.00	403.87	30.75	44.13	69.16
519.2	0.00	403.73	30.72	44.11	69.17
519.4	0.00	403.74	30.67	44.10	69.17
519.6	0.00	404.04	30.70	44.12	69.17
519.8	0.00	404.18	30.78	44.10	69.18
520	0.00	403.58	30.75	44.08	69.17
520.2	0.00	403.57	30.27	44.06	69.17
520.4	0.00	403.44	30.35	44.04	69.17
520.6	0.00	402.29	30.33	44.05	69.17
520.8	0.00	403.04	30.35	44.02	69.16
521	0.00	402.77	30.15	43.98	69.16
521.2	0.00	403.36	30.13	43.95	69.16
521.4	0.00	403.17	30.01	43.85	69.16
521.6	0.00	402.96	29.93	43.82	69.17
521.8	0.00	402.70	29.70	43.81	69.17
522	0.00	403.34	29.70	43.78	69.17
522.2	0.00	402.73	29.76	43.76	69.16
522.4	0.00	402.76	29.87	43.71	69.16
522.6	0.00	402.67	30.15	43.71	69.17
522.8	0.00	403.17	30.04	43.75	69.17
523	0.00	403.63	30.21	43.71	69.16
523.2	0.00	403.64	30.44	43.67	69.16
523.4	0.00	404.24	30.50	43.64	69.17
523.6	0.00	404.49	30.61	43.69	69.17
523.8	0.00	404.54	30.52	43.69	69.19
524	0.00	404.18	30.33	43.65	69.19
524.2	0.00	403.83	30.35	43.66	69.19
524.4	0.00	404.08	30.18	43.66	69.19
524.6	0.00	404.12	29.93	43.65	69.19
524.8	0.00	403.93	29.93	43.64	69.19
525	0.00	403.54	29.70	43.57	69.18
525.2	0.00	403.98	29.53	43.56	69.16
525.4	0.00	403.71	29.24	43.55	69.16
525.6	0.00	403.95	29.24	43.54	69.16
525.8	0.00	403.57	29.44	43.34	69.16
526	0.00	403.49	29.39	43.31	69.17
526.2	0.00	403.22	29.16	43.28	69.17
526.4	0.00	404.12	29.13	43.25	69.18
526.6	0.00	403.53	29.19	43.21	69.18
526.8	0.00	404.42	29.30	43.18	69.18
527	0.00	404.38	29.44	43.13	69.18
527.2	0.00	404.15	29.16	43.27	69.18
527.4	0.00	404.34	28.99	43.15	69.18
527.6	0.00	403.85	28.96	43.11	69.19
527.8	0.00	402.77	28.90	43.05	69.19
528	0.00	402.59	28.62	43.04	69.19
528.2	0.00	402.77	28.56	43.03	69.19
528.4	0.00	402.56	28.25	43.01	69.19
528.6	0.00	403.10	28.22	42.99	69.20
528.8	0.00	403.39	28.39	43.08	69.19
529	0.00	404.17	28.62	43.06	69.19
529.2	0.00	404.85	28.79	43.08	69.19
529.4	0.00	404.96	29.19	43.08	69.19
529.6	0.00	404.24	29.21	43.09	69.19
529.8	0.00	404.64	29.41	43.09	69.19
530	0.00	404.75	29.61	43.10	69.18
530.2	0.00	404.84	29.47	43.11	69.19
530.4	0.00	404.58	29.47	43.13	69.19
530.6	0.00	403.81	29.56	43.12	69.19
530.8	0.00	404.41	29.56	43.11	69.18
531	0.00	404.79	29.70	43.11	69.18
531.2	0.00	405.08	30.81	43.13	69.18
531.4	0.00	405.03	30.87	43.11	69.18
531.6	0.00	404.89	31.21	43.12	69.17
531.8	0.00	404.95	31.12	43.13	69.17
532	0.00	405.36	31.12	43.12	69.17
532.2	0.00	404.75	31.38	43.18	69.17
532.4	0.00	404.95	31.55	43.14	69.17
532.6	0.00	404.64	30.64	43.12	69.17
532.8	0.00	404.65	30.75	43.13	69.17
533	0.00	404.05	30.75	43.09	69.17
533.2	0.00	403.43	30.92	43.05	69.17
533.4	0.00	403.17	31.12	43.05	69.17
533.6	0.00	402.94	31.38	42.98	69.17
533.8	0.00	402.62	31.35	42.97	69.16
534	0.00	402.75	31.52	42.99	69.16
534.2	0.00	402.67	31.61	42.96	69.15
534.4	0.00	403.20	31.61	42.99	69.15
534.6	0.00	403.81	31.78	43.03	69.15
534.8	0.00	403.64	31.95	43.04	69.15
535	0.00	404.03	31.89	43.08	69.14
535.2	0.00	403.85	32.15	43.12	69.14
535.4	0.00	403.85	32.15	43.12	69.14
535.6	0.00	403.85	32.15	43.12	69.14
535.8	0.00	403.85	32.15	43.12	69.14
