time (s)	cumulative shear displacment (cm)	total normal stress (kPa)	shear stress (kPa)	pore-water pressure (kPa)	specimen thickness (mm)
0	2346.64	99.63	-4.60	12.53	64.99
1	2346.64	99.63	-4.60	12.53	64.99
2	2346.64	100.07	-5.17	12.47	64.99
3	2346.64	100.50	-6.70	12.27	65.00
4	2346.64	101.27	-5.70	12.27	65.00
5	2346.64	101.23	-6.10	12.20	65.02
6	2346.64	100.67	-6.10	12.80	65.01
7	2346.64	100.20	-7.50	12.97	65.01
8	2346.64	99.90	-6.63	12.93	65.00
9	2346.64	99.63	-6.93	12.63	65.00
10	2346.64	99.60	-7.20	12.67	65.00
11	2346.64	99.20	-7.73	12.77	65.03
12	2346.64	100.43	-7.80	12.60	65.04
13	2346.64	100.53	-6.67	12.50	65.04
14	2346.64	101.53	-6.47	12.33	65.01
15	2346.64	101.13	-6.07	12.43	65.00
16	2346.64	102.17	-6.80	12.73	64.99
17	2346.64	101.53	-6.63	12.77	64.98
18	2346.64	101.00	-6.67	12.50	64.99
19	2346.64	100.53	-6.87	12.43	65.00
20	2346.64	100.73	-7.43	12.43	65.01
21	2346.64	100.20	-7.67	12.40	65.02
22	2346.64	99.57	-8.00	12.27	64.99
23	2346.64	99.37	-7.43	12.17	64.99
24	2346.64	99.93	-7.13	12.07	64.96
25	2346.64	99.57	-6.70	11.83	64.97
26	2346.64	99.83	-6.43	11.90	64.97
27	2346.64	99.00	-6.83	12.10	64.99
28	2346.64	98.50	-7.00	12.10	65.02
29	2346.64	97.57	-7.70	12.20	65.03
30	2346.64	98.70	-7.93	12.13	65.03
31	2346.64	99.37	-8.00	12.20	65.02
32	2346.64	99.70	-7.60	12.40	65.04
33	2346.64	99.23	-6.87	12.47	65.04
34	2346.64	99.63	-7.47	12.43	65.03
35	2346.64	100.13	-7.50	12.10	64.99
36	2346.64	101.10	-7.70	12.07	65.01
37	2346.64	101.30	-7.07	12.07	65.02
38	2346.64	102.40	-7.33	11.97	65.03
39	2346.64	101.90	-7.90	11.97	65.02
40	2346.64	102.13	-7.80	12.00	65.02
41	2346.64	101.20	-7.63	11.83	64.99
42	2346.64	101.00	-7.47	12.07	64.98
43	2346.64	100.47	-7.47	12.13	64.98
44	2346.64	99.67	-6.20	12.47	64.99
45	2346.64	99.93	-5.57	12.50	64.99
46	2346.64	99.40	-5.57	12.47	64.99
47	2346.64	101.27	-6.60	12.50	65.00
48	2346.64	101.00	-6.43	12.20	65.01
49	2346.64	101.97	-6.80	12.17	65.02
50	2346.64	101.53	-7.43	12.07	65.02
51	2346.64	101.70	-8.13	12.07	65.02
52	2346.64	100.53	-7.70	11.83	65.02
53	2346.64	99.30	-6.37	11.67	65.02
54	2346.64	99.53	-5.17	11.63	65.02
55	2346.64	100.43	-6.70	11.90	65.00
56	2346.64	101.17	-7.83	12.20	64.99
57	2346.64	100.30	-8.70	12.37	64.99
58	2346.64	99.97	-7.17	12.37	64.99
59	2346.64	99.27	-6.90	12.27	64.99
60	2346.64	99.47	-7.50	12.23	64.99
61	2346.64	99.83	-8.03	12.17	65.00
62	2346.64	100.83	-8.60	12.07	65.00
63	2346.64	100.50	-8.37	12.13	65.01
64	2346.64	100.57	-8.23	12.00	64.99
65	2346.64	100.10	-7.27	12.03	64.99
66	2346.64	101.03	-7.20	11.80	64.99
67	2346.64	100.20	-7.13	12.10	65.00
68	2346.64	99.93	-7.67	12.23	64.99
69	2346.64	99.80	-8.03	12.47	64.98
70	2346.64	100.90	-7.63	12.30	64.98
71	2346.64	101.13	-7.50	12.30	64.98
72	2346.64	101.63	-5.83	12.13	64.99
73	2346.64	100.77	-6.07	12.07	64.99
74	2346.64	101.07	-6.07	11.97	65.00
75	2346.64	101.23	-7.40	12.07	65.00
76	2346.64	101.87	-8.40	12.17	65.01
77	2346.64	101.97	-8.43	12.43	64.98
78	2346.64	101.30	-6.97	12.50	64.97
79	2346.64	100.77	-5.80	12.80	64.96
80	2346.64	99.20	-5.90	12.40	64.98
81	2346.64	98.97	-7.40	12.37	64.98
82	2346.64	99.80	-7.63	11.97	65.00
83	2346.64	101.37	-6.87	12.00	65.00
84	2346.64	101.43	-7.03	12.00	65.01
85	2346.64	101.10	-7.33	12.13	65.00
86	2346.64	100.70	-7.77	12.33	65.00
87	2346.64	101.03	-7.13	12.37	64.99
88	2346.64	100.07	-6.63	12.33	64.98
89	2346.64	99.80	-6.97	12.17	64.97
90	2346.64	98.70	-7.87	12.07	64.98
91	2346.64	100.03	-7.97	12.00	64.99
92	2346.64	100.17	-6.83	12.13	65.01
93	2346.64	101.00	-6.23	11.93	65.00
94	2346.64	100.70	-6.33	12.03	64.99
95	2346.64	100.00	-7.20	12.00	64.98
96	2346.64	100.20	-6.90	12.23	64.99
97	2346.64	100.63	-6.47	12.13	64.98
98	2346.64	102.20	-7.90	12.13	64.99
99	2346.64	102.20	-8.63	12.13	64.99
100	2346.64	101.23	-9.20	12.13	65.00
101	2346.64	99.77	-8.13	12.03	65.00
102	2346.64	99.80	-7.83	11.97	65.01
103	2346.64	99.80	-10.17	11.90	65.01
104	2346.64	100.33	-9.80	12.03	64.99
105	2346.64	100.97	-9.50	12.00	64.98
106	2346.64	101.10	-7.23	12.03	64.98
107	2346.64	100.47	-7.50	12.17	64.97
108	2346.64	100.30	-8.13	12.20	64.98
109	2346.64	101.47	-7.93	12.27	64.98
110	2346.64	102.80	-8.27	11.80	65.00
111	2346.64	101.70	-7.07	11.73	65.00
112	2346.64	99.90	-6.83	11.77	65.00
113	2346.64	99.60	-6.23	11.83	65.01
114	2346.64	99.17	-6.63	11.80	65.01
115	2346.64	99.47	-6.63	11.77	65.00
116	2346.64	99.43	-6.93	12.03	64.98
117	2346.64	100.53	-5.20	12.13	64.98
118	2346.64	101.47	-5.27	12.00	64.98
119	2346.64	100.87	-5.27	11.70	64.99
120	2346.64	100.40	-7.33	11.63	64.99
121	2346.64	100.67	-7.60	11.67	64.99
122	2346.64	100.57	-8.40	11.73	65.00
123	2346.64	100.10	-8.33	11.90	65.01
124	2346.64	98.63	-9.00	11.83	65.00
125	2346.64	99.83	-7.83	11.97	64.99
126	2346.64	100.37	-7.80	11.70	64.98
127	2346.64	100.77	-6.77	11.70	64.97
128	2346.64	100.57	-7.10	11.53	64.98
129	2346.64	100.47	-7.17	11.47	64.98
130	2346.64	100.53	-7.20	11.37	65.00
131	2346.64	99.97	-7.40	11.27	65.01
132	2346.64	99.73	-7.43	11.17	65.00
133	2346.64	100.10	-9.37	11.13	65.00
134	2346.64	99.40	-9.23	11.17	64.99
135	2346.64	100.40	-9.20	11.17	64.99
136	2346.64	99.00	-7.03	11.27	64.98
137	2346.64	100.03	-6.57	11.30	64.97
138	2346.64	99.93	-8.53	11.43	64.97
139	2346.64	100.90	-8.83	11.30	64.97
140	2346.64	100.97	-8.50	11.23	64.98
141	2346.64	100.80	-6.77	11.07	64.98
142	2346.64	100.50	-6.93	11.03	64.99
143	2346.64	100.37	-7.70	10.67	65.01
144	2346.64	99.70	-7.60	10.63	65.02
145	2346.64	100.00	-7.63	10.50	65.01
146	2346.64	100.40	-7.67	10.77	65.00
147	2346.64	100.07	-7.30	10.77	64.99
148	2346.64	100.60	-6.97	10.93	65.01
149	2346.64	99.90	-6.30	10.93	65.02
150	2346.64	99.83	-6.27	11.00	65.02
151	2346.64	100.07	-6.27	10.83	64.99
152	2346.64	100.13	-6.73	10.93	65.00
153	2346.64	101.40	-7.23	10.80	65.00
154	2346.64	100.53	-7.23	10.77	65.01
155	2346.64	100.63	-7.40	10.50	64.99
156	2346.64	100.97	-7.30	10.67	65.00
157	2346.64	101.47	-7.40	11.03	65.00
158	2346.64	101.20	-7.23	11.10	64.99
159	2346.64	100.73	-6.97	11.07	64.98
160	2346.64	101.10	-6.87	10.83	64.97
161	2346.64	102.00	-6.67	10.97	64.97
162	2346.64	101.90	-6.63	10.97	64.97
163	2346.64	101.57	-5.73	10.87	64.98
164	2346.64	100.63	-5.77	10.73	64.99
165	2346.64	100.97	-6.23	10.73	64.97
166	2346.64	101.27	-7.20	10.77	64.97
167	2346.64	101.33	-7.33	10.83	64.97
168	2346.64	100.73	-6.87	10.67	65.00
169	2346.64	100.03	-7.07	10.50	64.99
170	2346.64	100.97	-6.87	10.63	64.98
171	2346.64	101.20	-6.77	10.43	64.97
172	2346.64	101.90	-8.07	10.67	64.97
173	2346.64	101.83	-8.13	10.50	64.97
174	2346.64	101.10	-8.53	10.80	64.98
175	2346.64	100.47	-7.33	10.67	65.00
176	2346.64	100.17	-7.60	10.60	65.02
177	2346.64	101.93	-6.77	10.40	65.02
178	2346.64	101.20	-6.80	10.30	65.02
179	2346.64	101.40	-6.57	10.07	64.99
180	2346.64	100.20	-7.47	10.20	64.97
181	2346.64	101.27	-6.80	10.17	64.97
182	2346.64	101.00	-6.77	10.37	64.97
183	2346.64	101.33	-6.33	10.27	64.98
184	2346.64	100.57	-6.77	10.33	64.98
185	2346.64	100.47	-6.97	10.30	64.98
186	2346.64	99.90	-7.17	10.27	64.99
187	2346.64	100.60	-7.33	9.90	64.99
188	2346.64	100.40	-7.40	9.73	65.01
189	2346.64	100.40	-7.33	9.60	65.00
190	2346.64	99.83	-7.27	9.83	64.99
191	2346.64	98.87	-6.77	9.93	64.98
192	2346.64	98.90	-6.47	10.17	64.97
193	2346.64	98.97	-6.20	10.23	64.97
194	2346.64	100.00	-6.03	10.23	64.98
195	2346.64	100.03	-6.67	10.00	64.99
196	2346.64	101.07	-6.90	9.67	64.99
197	2346.64	101.33	-7.50	9.43	65.00
198	2346.64	102.73	-7.27	9.47	64.97
199	2346.64	102.00	-6.67	9.70	64.97
200	2346.64	102.87	-6.60	9.97	64.95
201	2346.64	102.80	-6.20	10.07	64.97
202	2346.64	102.40	-6.67	10.07	64.98
203	2346.64	101.30	-6.63	9.93	64.98
204	2346.64	100.10	-6.97	9.67	65.00
205	2346.64	100.43	-7.43	9.57	64.99
206	2346.64	100.70	-7.73	9.43	65.00
207	2346.64	100.13	-7.77	9.60	65.00
208	2346.64	100.97	-7.33	9.87	64.99
209	2346.64	100.43	-6.87	9.97	64.97
210	2346.64	101.20	-5.93	10.00	64.96
211	2346.64	100.43	-5.83	9.93	64.97
212	2346.64	100.93	-6.00	9.83	64.99
213	2346.64	101.13	-7.27	9.67	64.99
214	2346.64	102.03	-7.63	9.53	64.99
215	2346.64	100.87	-7.93	9.53	64.99
216	2346.64	101.30	-7.70	9.70	64.99
217	2346.64	100.77	-7.40	9.60	64.98
218	2346.64	101.80	-7.07	9.60	64.97
219	2346.64	101.73	-6.53	9.53	64.97
220	2346.64	101.17	-6.50	9.50	64.98
221	2346.64	102.20	-6.67	9.50	64.99
222	2346.64	101.17	-7.13	9.27	65.00
223	2346.64	101.97	-7.47	9.37	65.00
224	2346.64	100.87	-7.13	8.97	65.02
225	2346.64	101.50	-7.07	9.17	65.01
226	2346.64	100.67	-6.60	8.93	65.00
227	2346.64	99.93	-6.80	9.13	64.97
228	2346.64	99.70	-7.00	8.57	64.99
229	2346.64	100.93	-7.47	8.60	65.00
230	2346.64	101.77	-7.47	8.70	65.01
231	2346.64	101.70	-7.37	9.00	65.00
232	2346.64	101.33	-7.07	9.00	64.99
233	2346.64	101.50	-6.63	9.03	64.98
234	2346.64	101.70	-6.80	9.07	64.97
235	2346.64	101.33	-6.87	9.07	64.97
236	2346.64	100.93	-7.63	9.00	64.98
237	2346.64	100.57	-7.57	9.13	64.99
238	2346.64	100.07	-7.33	9.13	65.00
239	2346.64	100.33	-6.97	9.20	64.97
240	2346.64	100.20	-6.83	9.17	64.96
241	2346.64	100.67	-6.60	9.20	64.96
242	2346.64	100.03	-6.63	9.10	64.98
243	2346.64	99.87	-6.53	8.90	64.99
244	2346.64	100.03	-7.17	8.77	64.98
245	2346.64	100.20	-7.37	8.80	64.96
246	2346.64	100.40	-7.87	8.93	64.95
247	2346.64	100.97	-7.87	9.00	64.95
248	2346.64	100.07	-7.83	8.87	64.97
249	2346.64	99.87	-7.70	8.77	64.98
250	2346.64	98.30	-7.80	8.60	64.99
251	2346.64	99.77	-7.63	8.77	65.00
252	2346.64	100.23	-7.30	8.87	64.99
253	2346.64	100.77	-6.67	9.00	64.98
254	2346.64	100.97	-6.87	8.93	64.97
255	2346.64	100.87	-7.10	8.80	64.98
256	2346.64	101.13	-7.80	8.87	64.98
257	2346.64	101.20	-7.67	8.77	64.99
258	2346.64	100.73	-7.53	8.73	64.98
259	2346.64	100.87	-7.13	8.80	64.94
260	2346.64	100.70	-7.00	8.83	64.96
261	2346.64	101.47	-5.47	8.93	64.95
262	2346.64	102.37	-5.47	8.87	65.00
263	2346.64	102.33	-5.33	8.90	64.99
264	2346.64	103.20	-7.53	8.83	65.00
265	2346.64	102.03	-8.00	8.60	65.00
266	2346.64	101.80	-8.33	8.63	64.99
267	2346.64	101.27	-8.17	8.63	64.98
268	2346.64	101.50	-7.67	8.93	64.97
269	2346.64	100.57	-7.27	8.93	64.97
270	2346.64	99.43	-6.63	8.87	64.97
271	2346.64	99.33	-6.60	9.03	64.98
272	2346.64	99.43	-7.00	8.83	64.97
273	2346.64	99.87	-7.43	9.13	64.99
274	2346.64	100.33	-7.53	8.80	64.98
275	2346.64	100.57	-7.50	9.23	64.99
276	2346.64	99.97	-6.90	9.00	64.97
277	2346.64	99.50	-6.67	9.13	64.98
278	2346.64	100.37	-6.43	8.80	64.98
279	2346.64	101.07	-6.43	8.83	64.99
280	2346.64	101.17	-7.50	8.70	64.97
281	2346.64	100.13	-6.63	8.63	64.97
282	2346.64	101.30	-7.10	8.63	64.98
283	2346.64	100.63	-6.47	8.60	64.98
284	2346.64	101.10	-7.53	8.60	64.98
285	2346.64	100.07	-7.13	8.60	65.01
286	2346.64	100.83	-6.70	8.60	65.00
287	2346.64	100.30	-6.23	8.67	65.00
288	2346.64	100.93	-6.00	8.63	64.97
289	2346.64	99.90	-6.90	8.60	64.98
290	2346.64	101.47	-7.57	8.67	64.98
291	2346.64	101.43	-7.97	8.50	64.99
292	2346.64	102.23	-7.37	8.40	65.00
293	2346.64	101.80	-7.27	8.23	64.99
294	2346.64	101.43	-6.97	8.37	64.99
295	2346.64	101.90	-6.67	8.43	64.99
296	2346.64	101.80	-6.37	8.53	64.97
297	2346.64	101.47	-6.40	8.50	64.96
298	2346.64	100.90	-6.73	8.53	64.96
299	2346.64	101.37	-7.27	8.57	64.97
300	2346.64	101.60	-7.60	8.53	64.98
301	2346.64	101.17	-7.63	8.37	64.98
302	2346.64	100.07	-7.53	8.30	64.99
303	2346.64	99.40	-7.43	8.23	64.99
304	2346.64	99.30	-7.40	8.30	64.99
305	2346.64	99.60	-5.37	8.23	64.98
306	2346.64	99.50	-5.30	8.30	64.97
307	2346.64	100.13	-5.13	8.37	64.96
308	2346.64	100.93	-6.93	8.53	64.96
309	2346.64	101.20	-7.37	8.33	64.97
310	2346.64	101.60	-7.50	8.20	64.98
311	2346.64	100.63	-7.67	7.93	64.99
312	2346.64	100.70	-7.63	8.07	64.99
313	2346.64	100.03	-7.73	8.07	64.99
314	2346.64	99.97	-7.37	8.07	64.99
315	2346.64	100.60	-6.93	8.03	64.99
316	2346.64	100.63	-6.50	8.23	64.99
317	2346.64	100.07	-6.83	8.23	64.97
318	2346.64	99.17	-6.67	8.13	64.97
319	2346.64	98.90	-6.90	7.97	64.97
320	2346.64	100.00	-6.57	7.80	64.98
321	2346.64	100.97	-7.23	7.77	64.98
322	2346.64	101.80	-7.53	7.60	64.98
323	2346.64	101.70	-8.03	7.67	64.98
324	2346.64	101.27	-7.60	7.67	64.98
325	2346.64	100.53	-7.33	7.77	64.98
326	2346.64	100.37	-6.93	8.10	64.95
327	2346.64	99.87	-6.67	8.23	64.95
328	2346.64	100.17	-6.37	8.27	64.94
329	2346.64	100.47	-6.30	8.00	64.95
330	2346.64	100.50	-7.20	7.87	64.96
331	2346.64	100.07	-7.67	7.73	64.98
332	2346.64	99.57	-7.83	7.70	64.99
333	2346.64	100.10	-7.63	7.87	64.99
334	2346.64	100.77	-6.43	8.00	64.98
335	2346.64	101.03	-6.17	8.10	64.97
336	2346.64	100.77	-5.67	8.17	64.97
337	2346.64	100.40	-6.70	8.13	64.97
338	2346.64	100.60	-7.23	8.07	64.98
339	2346.64	100.83	-7.53	7.77	64.98
340	2346.64	101.83	-7.80	7.67	64.99
341	2346.64	101.83	-7.00	7.53	64.99
342	2346.64	102.77	-7.03	7.57	64.98
343	2346.64	101.53	-6.40	7.60	64.97
344	2346.64	100.90	-6.60	7.70	64.96
345	2346.64	99.50	-6.30	7.90	64.96
346	2346.64	101.00	-7.00	7.83	64.97
347	2346.64	100.63	-7.20	7.60	65.00
348	2346.64	101.40	-7.13	7.37	65.01
349	2346.64	100.10	-6.93	7.50	65.00
350	2346.64	100.10	-6.80	7.63	64.97
351	2346.64	100.50	-6.73	7.53	64.97
352	2346.64	101.10	-6.53	7.30	64.98
353	2346.64	102.27	-7.17	7.33	65.00
354	2346.64	100.83	-7.53	7.43	65.00
355	2346.64	99.67	-7.90	7.47	64.99
356	2346.64	100.03	-7.57	7.30	64.98
357	2346.64	101.07	-7.37	7.33	64.97
358	2346.64	101.53	-8.50	7.43	64.96
359	2346.64	100.43	-8.37	7.60	64.96
360	2346.64	99.80	-8.50	7.60	64.97
361	2346.64	99.77	-7.33	7.47	64.96
362	2346.64	99.23	-6.83	7.30	64.97
363	2346.64	98.93	-6.77	7.10	64.97
364	2346.64	100.27	-6.33	7.13	64.98
365	2346.64	100.77	-7.10	7.33	64.97
366	2346.64	100.63	-7.10	7.57	64.96
367	2346.64	99.23	-7.23	7.43	64.96
368	2346.64	100.83	-7.20	7.27	64.97
369	2346.64	101.90	-7.50	7.20	64.98
370	2346.64	101.83	-7.67	7.20	64.97
371	2346.64	100.17	-7.17	7.23	64.97
372	2346.64	99.60	-6.77	7.20	64.95
373	2346.64	100.07	-6.47	7.40	64.95
374	2346.64	100.93	-6.70	7.37	64.95
375	2346.64	100.60	-7.37	7.30	64.97
376	2346.64	100.10	-7.43	7.07	64.98
377	2346.64	99.77	-7.80	6.93	64.98
378	2346.64	100.30	-8.90	6.87	64.97
379	2346.64	99.77	-8.67	7.00	64.96
380	2346.64	99.83	-8.20	7.20	64.95
381	2346.64	99.87	-6.60	7.30	64.95
382	2346.64	100.60	-8.00	7.33	64.96
383	2346.64	101.00	-8.43	7.20	64.98
384	2346.64	99.07	-8.47	6.93	64.95
385	2346.64	99.07	-7.57	6.87	64.96
386	2346.64	97.93	-6.63	6.77	64.95
387	2346.64	100.20	-6.53	6.90	64.97
388	2346.64	100.27	-7.83	6.93	64.96
389	2346.64	100.83	-8.30	7.07	64.96
390	2346.64	100.50	-8.40	7.10	64.96
391	2346.64	100.77	-7.17	6.93	64.98
392	2346.64	99.77	-7.63	6.87	64.98
393	2346.64	99.33	-7.83	6.83	64.99
394	2346.64	99.80	-8.00	7.00	64.98
395	2346.64	100.97	-7.63	7.07	64.97
396	2346.64	101.47	-7.30	7.13	64.96
397	2346.64	100.73	-6.53	7.03	64.96
398	2346.64	100.60	-6.63	7.00	64.97
399	2346.64	100.93	-6.70	7.00	64.98
400	2346.64	101.13	-6.97	7.03	64.99
401	2346.64	100.67	-6.93	6.90	64.99
402	2346.64	100.93	-6.90	6.83	64.98
403	2346.64	101.40	-6.87	6.83	64.98
404	2346.64	102.40	-5.93	7.03	64.97
405	2346.64	100.87	-5.93	7.23	64.98
406	2346.64	100.00	-5.40	7.27	64.98
407	2346.64	99.90	-6.30	7.13	64.99
408	2346.64	100.70	-6.37	6.87	64.98
409	2346.64	102.80	-6.90	6.77	64.98
410	2346.64	102.93	-6.73	6.73	64.97
411	2346.64	102.93	-6.43	6.63	64.95
412	2346.64	100.87	-6.33	6.73	64.94
413	2346.64	99.43	-6.27	6.70	64.94
414	2346.64	100.03	-6.20	6.77	64.96
415	2346.64	99.60	-6.87	6.57	64.97
416	2346.64	100.57	-7.23	6.80	64.97
417	2346.64	99.63	-7.23	6.83	64.97
418	2346.64	100.47	-6.60	6.97	64.97
419	2346.64	100.10	-6.53	6.80	64.97
420	2346.64	100.60	-6.60	6.87	64.96
421	2346.64	100.17	-6.53	6.90	64.96
422	2346.64	99.77	-6.07	6.80	64.96
423	2346.64	99.63	-6.00	6.87	64.97
424	2346.64	99.60	-6.13	6.83	64.97
425	2346.64	99.83	-6.50	6.90	64.95
426	2346.64	100.37	-6.17	6.77	64.96
427	2346.64	100.43	-6.20	6.60	64.96
428	2346.64	100.70	-5.90	6.57	64.97
429	2346.64	100.80	-5.90	6.50	64.96
430	2346.64	101.10	-5.70	6.73	64.95
431	2346.64	101.43	-5.80	6.80	64.95
432	2346.64	101.50	-5.97	6.67	64.96
433	2346.64	101.13	-5.67	6.47	64.98
434	2346.64	100.27	-5.77	6.37	64.99
435	2346.64	99.40	-5.90	6.37	64.98
436	2346.64	100.17	-6.43	6.40	64.95
437	2346.64	100.63	-6.07	6.27	64.96
438	2346.64	100.70	-6.07	6.43	64.95
439	2346.64	99.73	-5.77	6.47	64.98
440	2346.64	100.13	-5.97	6.57	64.96
441	2346.64	100.07	-5.77	6.53	64.97
442	2346.64	99.97	-5.33	6.40	64.97
443	2346.64	99.43	-5.83	6.37	64.98
444	2346.64	99.53	-6.03	6.27	64.98
445	2346.64	99.70	-6.40	6.30	64.97
446	2346.64	99.47	-7.07	6.33	64.96
447	2346.64	99.53	-7.57	6.50	64.95
448	2346.64	100.50	-7.40	6.37	64.95
449	2346.64	101.23	-6.33	6.53	64.97
450	2346.64	101.60	-6.73	6.40	64.99
451	2346.64	100.87	-7.07	6.47	65.00
452	2346.64	100.27	-7.17	6.33	64.99
453	2346.64	100.57	-6.93	6.37	64.98
454	2346.64	101.27	-6.73	6.53	64.97
455	2346.64	102.33	-6.40	6.60	64.96
456	2346.64	101.67	-5.80	6.70	64.98
457	2346.64	101.10	-5.80	6.60	64.98
458	2346.64	100.30	-6.13	6.47	64.98
459	2346.64	100.00	-6.17	6.33	64.98
460	2346.64	99.83	-6.23	5.97	64.99
461	2346.64	100.33	-5.77	6.03	64.98
462	2346.64	101.63	-4.03	6.03	64.98
463	2346.64	101.27	-4.07	6.30	64.95
464	2346.64	100.47	-5.30	6.13	64.95
465	2346.64	99.40	-7.33	6.07	64.96
466	2346.64	99.87	-7.43	6.03	64.98
467	2346.64	99.93	-6.53	6.00	64.98
468	2346.64	99.67	-6.03	5.87	64.97
469	2346.64	99.43	-5.60	5.83	64.98
470	2346.64	100.17	-4.43	5.93	64.97
471	2346.64	99.67	-4.30	5.93	64.97
472	2346.64	99.43	-4.70	5.93	64.96
473	2346.64	99.00	-6.23	5.83	64.97
474	2346.64	99.73	-6.77	6.07	64.97
475	2346.64	101.00	-6.67	6.17	64.98
476	2346.64	100.83	-5.93	6.33	64.97
477	2346.64	100.97	-5.50	6.30	64.96
478	2346.64	100.30	-5.03	6.30	64.96
479	2346.64	99.63	-4.90	6.20	64.96
480	2346.64	99.27	-5.33	6.20	64.97
481	2346.64	99.40	-6.03	6.07	65.00
482	2346.64	100.70	-6.30	5.73	64.97
483	2346.64	100.80	-5.83	5.67	64.98
484	2346.64	101.07	-5.63	5.83	64.95
485	2346.64	99.80	-5.77	5.97	64.97
486	2346.64	100.07	-5.97	5.83	64.96
487	2346.64	99.80	-6.17	5.83	64.95
488	2346.64	101.10	-6.43	5.97	64.95
489	2346.64	101.37	-5.53	6.27	64.96
490	2346.64	102.03	-5.23	6.23	64.97
491	2346.64	102.13	-4.97	6.33	64.96
492	2346.64	101.97	-6.17	6.10	64.95
493	2346.64	101.17	-6.27	6.00	64.96
494	2346.64	101.10	-6.80	5.83	64.95
495	2346.64	100.67	-6.37	5.73	64.96
496	2346.64	100.40	-6.47	5.67	64.92
497	2346.64	100.87	-5.97	5.73	64.93
498	2346.64	101.80	-6.13	5.87	64.92
499	2346.64	102.43	-5.73	5.93	64.93
500	2346.64	101.50	-6.53	5.87	64.94
501	2346.64	100.23	-6.47	5.77	64.95
502	2346.64	100.10	-6.90	5.73	64.98
503	2346.64	99.83	-6.27	5.80	64.98
504	2346.64	100.77	-6.10	5.90	64.98
505	2346.64	100.57	-5.67	5.77	64.97
506	2346.64	101.07	-5.50	5.83	64.96
507	2346.64	100.97	-5.93	5.80	64.96
508	2346.64	101.03	-6.17	5.93	64.94
509	2346.64	100.90	-6.37	5.80	64.95
510	2346.64	101.53	-6.03	5.83	64.96
511	2346.64	102.27	-5.80	5.83	64.97
512	2346.64	102.00	-4.87	6.00	64.95
513	2346.64	101.50	-4.43	5.97	64.95
514	2346.64	100.67	-4.70	5.80	64.95
515	2346.64	100.77	-5.70	5.60	64.96
516	2346.64	100.53	-6.63	5.50	64.96
517	2346.64	101.27	-6.63	5.67	64.97
518	2346.64	101.20	-6.47	5.73	64.97
519	2346.64	100.43	-5.80	5.87	64.96
520	2346.64	100.90	-5.43	5.90	64.96
521	2346.64	101.53	-5.40	5.90	64.95
522	2346.64	102.03	-5.73	5.87	64.99
523	2346.64	101.80	-6.53	5.87	65.00
524	2346.64	101.00	-6.70	5.80	65.00
525	2346.64	101.10	-6.63	5.77	64.98
526	2346.64	99.67	-6.10	5.77	64.97
527	2346.64	100.40	-5.50	5.73	64.96
528	2346.64	101.27	-5.33	5.73	64.95
529	2346.64	101.27	-5.33	5.47	64.95
530	2346.64	101.37	-5.50	5.67	64.96
531	2346.64	99.93	-5.77	5.37	64.97
532	2346.64	101.90	-5.97	5.43	64.98
533	2346.64	101.00	-6.00	5.13	64.98
534	2346.64	100.37	-5.70	5.33	64.97
535	2346.64	99.37	-5.50	5.37	64.96
536	2346.64	99.77	-5.57	5.50	64.95
537	2346.64	101.23	-5.80	5.47	64.95
538	2346.64	100.70	-6.03	5.40	64.96
539	2346.64	100.70	-6.33	5.27	64.98
540	2346.64	100.13	-6.10	5.27	64.99
541	2346.64	100.40	-6.17	5.37	64.98
542	2346.64	100.63	-4.60	5.40	64.97
543	2346.64	101.23	-4.20	5.53	64.96
544	2346.64	100.40	-3.87	5.43	64.96
545	2346.64	99.73	-5.03	5.50	64.95
546	2346.64	99.70	-5.53	5.40	64.95
547	2346.64	101.33	-5.73	5.50	64.95
548	2346.64	101.43	-6.07	5.53	64.97
549	2346.64	100.93	-6.23	5.40	64.98
550	2346.64	100.10	-6.20	5.40	64.98
551	2346.64	100.37	-5.97	5.37	64.97
552	2346.64	100.90	-5.57	5.50	64.99
553	2346.64	100.50	-5.43	5.50	64.98
554	2346.64	100.73	-5.40	5.53	64.96
555	2346.64	100.03	-5.83	5.53	64.93
556	2346.64	100.33	-5.87	5.53	64.94
557	2346.64	100.20	-6.23	5.43	64.96
558	2346.64	100.70	-3.97	5.33	64.98
559	2346.64	101.53	-4.30	5.27	64.99
560	2346.64	101.77	-4.27	5.10	64.97
561	2346.64	101.80	-6.67	5.07	64.95
562	2346.64	101.17	-6.57	4.93	64.94
563	2346.64	100.83	-6.47	4.83	64.96
564	2346.64	100.50	-5.70	4.83	64.95
565	2346.64	100.30	-5.40	5.10	64.95
566	2346.64	99.97	-5.43	5.47	64.96
567	2346.64	98.97	-6.37	5.50	64.97
568	2346.64	98.00	-9.30	5.30	64.97
569	2346.64	98.23	-9.43	5.23	64.96
570	2346.64	99.37	-9.13	5.17	64.99
571	2346.64	100.07	-6.47	5.10	65.02
572	2346.64	100.50	-5.97	5.10	65.02
573	2346.64	99.67	-5.57	5.23	64.99
574	2346.64	98.77	-5.13	5.17	64.96
575	2346.64	98.83	-5.13	5.07	64.95
576	2346.64	100.20	-4.77	5.00	64.96
577	2346.64	101.60	-5.13	5.10	64.96
578	2346.64	100.63	-5.67	5.07	64.97
579	2346.64	100.67	-6.67	4.93	64.95
580	2346.64	100.13	-6.70	4.87	64.95
581	2346.64	100.47	-6.27	4.70	64.92
582	2346.64	99.63	-5.47	4.80	64.93
583	2346.64	98.97	-6.03	4.90	64.92
584	2346.64	99.47	-6.23	5.20	64.94
585	2346.64	99.33	-6.83	5.33	64.93
586	2346.64	100.30	-6.33	5.23	64.93
587	2346.64	98.97	-6.07	5.10	64.95
588	2346.64	99.73	-5.83	4.97	64.97
589	2346.64	99.37	-5.70	5.00	64.97
590	2346.64	100.33	-5.70	4.93	64.97
591	2346.64	100.10	-5.37	4.87	64.96
592	2346.64	101.23	-5.07	4.97	64.96
593	2346.64	101.57	-5.20	5.00	64.96
594	2346.64	101.13	-3.80	4.97	64.96
595	2346.64	101.77	-4.63	4.80	64.97
596	2346.64	101.93	-4.97	4.90	64.97
597	2346.64	102.17	-7.30	4.93	64.96
598	2346.64	100.47	-6.40	5.13	64.95
599	2346.64	99.23	-6.07	5.07	64.92
600	2346.64	99.43	-7.33	5.10	64.92
601	2346.64	100.90	-7.57	5.07	64.94
602	2346.64	100.87	-7.77	4.87	64.97
603	2346.64	101.07	-5.87	5.00	64.96
604	2346.64	99.67	-6.57	4.93	64.95
605	2346.64	101.10	-6.33	5.17	64.94
606	2346.64	101.93	-6.13	5.03	64.95
607	2346.64	102.17	-5.40	4.93	64.97
608	2346.64	101.57	-5.67	5.03	64.97
609	2346.64	100.30	-5.67	4.93	64.98
610	2346.64	100.67	-5.60	4.93	64.97
611	2346.64	100.30	-5.33	4.73	64.97
612	2346.64	101.50	-5.40	4.90	64.96
613	2346.64	100.53	-5.20	4.80	64.97
614	2346.64	100.80	-5.40	4.67	64.97
615	2346.64	99.97	-5.50	4.80	64.94
616	2346.64	101.23	-6.67	4.97	64.94
617	2346.64	101.57	-6.93	5.23	64.94
618	2346.64	101.23	-6.70	4.90	64.97
619	2346.64	99.20	-5.70	4.87	64.96
620	2346.64	98.70	-5.03	4.67	64.95
621	2346.64	98.90	-5.13	4.67	64.95
622	2346.64	100.43	-3.97	4.60	64.96
623	2346.64	100.20	-4.43	4.43	64.98
624	2346.64	99.83	-4.67	4.40	64.98
625	2346.64	99.90	-6.37	4.47	64.98
626	2346.64	100.67	-5.97	4.70	64.95
627	2346.64	100.63	-6.03	4.97	64.95
628	2346.64	100.33	-5.87	4.90	64.95
629	2346.64	100.30	-6.00	4.83	64.95
630	2346.64	101.20	-6.03	4.63	64.95
631	2346.64	101.43	-5.93	4.67	64.96
632	2346.64	102.87	-6.30	4.73	64.97
633	2346.64	102.03	-7.13	4.67	64.97
634	2346.64	101.87	-7.03	4.70	64.96
635	2346.64	100.57	-6.30	4.63	64.95
636	2346.64	100.53	-5.33	4.87	64.95
637	2346.64	100.87	-5.40	4.87	64.95
638	2346.64	101.20	-7.30	4.83	64.96
639	2346.64	100.97	-7.43	4.47	64.97
640	2346.64	100.43	-7.73	4.40	64.98
641	2346.64	100.43	-6.33	4.33	64.98
642	2346.64	100.93	-5.97	4.57	64.98
643	2346.64	100.73	-5.33	4.60	64.97
644	2346.64	99.83	-5.17	4.70	64.95
645	2346.64	99.90	-5.17	4.67	64.95
646	2346.64	100.53	-5.37	4.63	64.95
647	2346.64	100.10	-5.30	4.60	64.96
648	2346.64	100.70	-5.47	4.50	64.96
649	2346.64	100.37	-5.67	4.43	64.97
650	2346.64	100.77	-5.90	4.37	64.98
651	2346.64	100.57	-4.40	4.47	64.98
652	2346.64	100.60	-4.57	4.60	64.96
653	2346.64	100.30	-4.13	4.53	64.96
654	2346.64	100.30	-5.53	4.50	64.95
655	2346.64	100.07	-5.23	4.43	64.96
656	2346.64	100.87	-5.63	4.57	64.95
657	2346.64	101.30	-5.73	4.57	64.96
658	2346.64	101.53	-5.77	4.43	64.97
659	2346.64	101.23	-5.80	4.37	64.97
660	2346.64	99.93	-5.97	4.17	64.97
661	2346.64	99.90	-6.13	4.17	64.97
662	2346.64	99.77	-5.97	4.13	64.97
663	2346.64	100.43	-5.67	4.27	64.96
664	2346.64	99.40	-5.30	4.20	64.96
665	2346.64	99.70	-7.93	4.30	64.95
666	2346.64	100.00	-8.13	4.37	64.94
667	2346.64	101.80	-8.00	4.57	64.95
668	2346.64	102.17	-5.23	4.57	64.96
669	2346.64	102.33	-5.33	4.47	64.98
670	2346.64	101.97	-5.80	4.33	64.99
671	2346.64	101.60	-5.83	4.30	64.99
672	2346.64	100.50	-5.90	4.33	64.97
673	2346.64	101.53	-5.63	4.43	64.96
674	2346.64	101.77	-5.83	4.50	64.95
675	2346.64	101.57	-5.23	4.67	64.95
676	2346.64	100.73	-6.43	4.50	64.94
677	2346.64	101.00	-6.37	4.47	64.93
678	2346.64	101.83	-6.33	4.23	64.93
679	2346.64	101.00	-5.50	4.07	64.93
680	2346.64	100.23	-6.90	3.83	64.96
681	2346.64	99.97	-7.30	3.80	64.96
682	2346.64	100.53	-7.17	4.13	64.95
683	2346.64	101.30	-5.47	4.43	64.95
684	2346.64	101.70	-5.37	4.60	64.94
685	2346.64	101.77	-4.83	4.67	64.96
686	2346.64	100.60	-4.87	4.50	64.95
687	2346.64	100.53	-5.13	4.17	64.97
688	2346.64	100.87	-5.80	4.07	64.96
689	2346.64	101.13	-6.23	4.13	64.96
690	2346.64	100.33	-6.23	4.37	64.95
691	2346.64	100.17	-6.40	4.20	64.97
692	2346.64	100.30	-6.30	4.33	64.98
693	2346.64	100.50	-5.93	4.30	64.97
694	2346.64	99.53	-5.30	4.50	64.96
695	2346.64	99.23	-5.53	4.40	64.94
696	2346.64	99.47	-5.90	4.37	64.94
697	2346.64	100.30	-6.33	4.23	64.95
698	2346.64	99.97	-6.13	3.97	64.97
699	2346.64	98.80	-6.10	3.90	64.97
700	2346.64	97.77	-6.07	3.90	64.97
701	2346.64	98.27	-6.10	4.07	64.96
702	2346.64	99.57	-5.80	4.17	64.95
703	2346.64	99.90	-5.50	4.23	64.94
704	2346.64	100.37	-5.60	4.10	64.95
705	2346.64	100.37	-6.13	4.07	64.95
706	2346.64	100.17	-6.43	4.23	64.98
707	2346.64	99.80	-6.33	4.40	64.98
708	2346.64	100.27	-5.37	4.50	64.98
709	2346.64	101.47	-5.33	4.40	64.93
710	2346.64	102.07	-4.77	4.50	64.92
711	2346.64	101.43	-5.80	4.47	64.92
712	2346.64	101.40	-5.87	4.67	64.95
713	2346.64	101.63	-6.60	4.50	64.96
714	2346.64	102.10	-6.07	4.40	64.97
715	2346.64	101.67	-5.90	4.33	64.96
716	2346.64	100.87	-4.90	4.43	64.95
717	2346.64	100.10	-5.20	4.47	64.93
718	2346.64	100.03	-5.77	4.30	64.93
719	2346.64	100.23	-6.63	4.27	64.94
720	2346.64	101.07	-7.70	4.40	64.96
721	2346.64	102.17	-7.23	4.37	64.97
722	2346.64	101.77	-6.93	4.30	64.97
723	2346.64	101.23	-5.77	4.27	64.95
724	2346.64	100.00	-3.80	4.03	64.94
725	2346.64	100.20	-4.03	4.03	64.93
726	2346.64	100.17	-4.07	4.03	64.95
727	2346.64	100.53	-7.57	4.27	64.95
728	2346.64	100.77	-7.53	4.20	64.97
729	2346.64	100.20	-7.63	4.03	64.96
730	2346.64	99.93	-6.27	4.03	64.96
731	2346.64	100.43	-6.13	4.13	64.95
732	2346.64	101.07	-5.43	4.17	64.96
733	2346.64	101.70	-6.40	4.17	64.95
734	2346.64	101.03	-6.40	4.23	64.95
735	2346.64	102.07	-6.97	4.20	64.95
736	2346.64	100.93	-5.93	4.13	64.95
737	2346.64	101.37	-6.00	4.03	64.97
738	2346.64	100.93	-5.80	4.27	64.97
739	2346.64	101.60	-5.63	4.33	64.97
740	2346.64	101.80	-5.80	4.40	64.96
741	2346.64	100.90	-5.80	4.27	64.95
742	2346.64	100.73	-5.70	4.27	64.94
743	2346.64	100.70	-5.23	4.20	64.95
744	2346.64	101.97	-5.57	4.17	64.96
745	2346.64	102.03	-5.50	3.97	64.94
746	2346.64	102.40	-6.27	4.00	64.93
747	2346.64	101.47	-7.13	4.00	64.93
748	2346.64	101.43	-7.30	4.17	64.96
749	2346.64	101.17	-6.50	4.30	64.96
750	2346.64	101.37	-5.30	4.37	64.95
751	2346.64	101.53	-5.30	4.33	64.95
752	2346.64	101.10	-5.57	4.00	64.95
753	2346.64	101.20	-5.83	3.93	64.96
754	2346.64	100.87	-5.90	3.87	64.96
755	2346.64	101.40	-5.77	4.07	64.97
756	2346.64	101.53	-6.07	3.93	64.97
757	2346.64	101.47	-6.20	3.97	64.98
758	2346.64	100.97	-6.43	3.93	64.97
759	2346.64	100.30	-5.87	4.10	64.96
760	2346.64	99.80	-5.37	4.13	64.95
761	2346.64	99.20	-5.20	4.03	64.94
762	2346.64	99.47	-3.70	3.97	64.94
763	2346.64	100.57	-3.90	3.83	64.95
764	2346.64	100.70	-3.97	3.93	64.95
765	2346.64	101.00	-6.73	3.97	64.96
766	2346.64	102.07	-7.07	4.07	64.96
767	2346.64	102.33	-7.27	4.03	64.94
768	2346.64	101.40	-6.03	4.10	64.94
769	2346.64	99.47	-4.67	4.07	64.93
770	2346.64	99.47	-4.47	4.23	64.94
771	2346.64	99.40	-5.03	4.00	64.94
772	2346.64	99.77	-6.07	4.03	64.94
773	2346.64	100.00	-5.63	3.73	64.95
774	2346.64	101.57	-5.27	3.83	64.96
775	2346.64	101.40	-5.93	3.63	64.97
776	2346.64	101.17	-6.80	3.70	64.97
777	2346.64	100.87	-6.50	3.70	64.97
778	2346.64	100.87	-5.83	3.67	64.96
779	2346.64	100.87	-5.30	3.70	64.96
780	2346.64	99.83	-4.13	3.77	64.95
781	2346.64	101.20	-3.90	4.03	64.95
782	2346.64	101.17	-4.53	3.93	64.93
783	2346.64	102.17	-5.40	3.90	64.94
784	2346.64	100.97	-5.43	3.53	64.97
785	2346.64	100.77	-5.37	3.57	64.98
786	2346.64	100.77	-6.20	3.47	64.99
787	2346.64	100.50	-6.60	3.33	64.99
788	2346.64	100.57	-6.40	3.37	64.99
789	2346.64	100.50	-5.87	3.30	64.99
790	2346.64	101.07	-4.10	3.77	64.96
791	2346.64	101.53	-3.93	3.90	64.95
792	2346.64	100.60	-4.03	4.17	64.94
793	2346.64	99.97	-5.53	4.13	64.94
794	2346.64	99.53	-5.63	3.93	64.95
795	2346.64	99.47	-6.13	3.77	64.96
796	2346.64	99.47	-6.33	3.60	64.98
797	2346.64	99.97	-5.87	3.53	64.99
798	2346.64	100.20	-5.77	3.47	64.98
799	2346.64	101.00	-4.80	3.63	64.96
800	2346.64	101.00	-5.00	3.87	64.95
801	2346.64	102.93	-4.57	4.13	64.94
802	2346.64	102.57	-5.43	4.00	64.94
803	2346.64	102.83	-5.60	3.87	64.94
804	2346.64	101.03	-5.80	3.53	64.95
805	2346.64	101.67	-6.10	3.53	64.95
806	2346.64	99.97	-6.20	3.47	64.96
807	2346.64	100.17	-5.90	3.47	64.95
808	2346.64	99.60	-5.70	3.47	64.96
809	2346.64	101.13	-5.13	3.43	64.95
810	2346.64	101.63	-3.67	3.60	64.94
811	2346.64	100.90	-2.77	3.53	64.95
812	2346.64	100.73	-3.30	3.77	64.96
813	2346.64	100.77	-4.93	3.63	64.97
814	2346.64	101.27	-6.00	3.57	64.99
815	2346.64	101.13	-6.70	3.37	64.98
816	2346.64	100.63	-6.50	3.50	65.00
817	2346.64	101.77	-6.43	3.67	64.98
818	2346.64	101.83	-5.37	3.70	64.97
819	2346.64	102.43	-5.37	3.47	64.95
820	2346.64	101.40	-4.30	3.37	64.95
821	2346.64	101.77	-4.63	3.07	64.95
822	2346.64	101.20	-6.23	3.13	64.96
823	2346.64	100.93	-7.03	3.17	64.96
824	2346.64	100.63	-6.67	3.37	64.95
825	2346.64	101.17	-5.30	3.70	64.92
826	2346.64	101.80	-5.63	3.77	64.92
827	2346.64	101.80	-5.93	3.83	64.93
828	2346.64	100.60	-5.80	3.37	64.96
829	2346.64	99.90	-5.43	3.43	64.96
830	2346.64	99.30	-5.27	3.23	64.96
831	2346.64	99.87	-4.00	3.37	64.96
832	2346.64	100.67	-4.37	3.23	64.96
833	2346.64	99.90	-4.77	3.33	64.97
834	2346.64	99.57	-5.07	3.33	64.96
835	2346.64	98.90	-4.63	3.53	64.99
836	2346.64	99.57	-5.07	3.50	64.98
837	2346.64	99.50	-6.33	3.43	64.98
838	2346.64	100.57	-6.70	3.30	64.94
839	2346.64	101.13	-6.43	3.33	64.95
840	2346.64	102.10	-6.20	3.50	64.94
841	2346.64	101.37	-5.90	3.43	64.95
842	2346.64	100.73	-5.00	3.37	64.94
843	2346.64	100.83	-5.37	3.23	64.95
844	2346.64	99.77	-5.70	3.27	64.97
845	2346.64	100.53	-6.03	3.40	64.97
846	2346.64	100.43	-5.57	3.63	64.96
847	2346.64	101.73	-4.73	3.57	64.94
848	2346.64	100.93	-5.17	3.67	64.96
849	2346.64	100.23	-5.43	3.57	64.97
850	2346.64	99.60	-6.17	3.60	64.98
851	2346.64	100.57	-6.13	3.63	64.96
852	2346.64	100.60	-6.13	3.63	64.95
853	2346.64	101.10	-6.53	3.70	64.94
854	2346.64	100.40	-8.67	3.60	64.94
855	2346.64	100.70	-8.40	3.43	64.95
856	2346.64	99.80	-7.47	3.20	64.96
857	2346.64	99.30	-3.90	3.10	64.96
858	2346.64	98.83	-4.30	3.20	64.95
859	2346.64	99.87	-4.27	3.40	64.95
860	2346.64	100.53	-4.73	3.50	64.94
861	2346.64	101.17	-4.57	3.23	64.94
862	2346.64	100.57	-6.97	3.13	64.95
863	2346.64	100.80	-7.67	3.07	64.96
864	2346.64	99.93	-7.83	3.30	64.96
865	2346.64	100.10	-5.77	3.43	64.95
866	2346.64	100.50	-5.80	3.50	64.92
867	2346.64	100.83	-5.60	3.40	64.92
868	2346.64	101.80	-6.13	3.03	64.93
869	2346.64	101.53	-6.87	3.00	64.96
870	2346.64	100.90	-6.60	3.03	64.96
871	2346.64	101.07	-6.07	3.50	64.95
872	2346.64	101.10	-5.33	3.53	64.94
873	2346.64	102.10	-5.63	3.33	64.90
874	2346.64	101.63	-6.07	3.03	64.91
875	2346.64	101.97	-6.37	3.13	64.93
876	2346.64	102.30	-7.00	3.40	64.97
877	2346.64	101.97	-6.50	3.73	64.96
878	2346.64	100.90	-6.13	3.67	64.94
879	2346.64	100.77	-5.33	3.67	64.95
880	2346.64	99.50	-5.50	3.47	64.96
881	2346.64	99.20	-6.57	3.27	64.97
882	2346.64	99.67	-6.90	3.17	64.96
883	2346.64	100.40	-6.70	3.10	64.95
884	2346.64	101.50	-5.70	3.03	64.93
885	2346.64	101.67	-5.23	3.07	64.94
886	2346.64	101.57	-5.47	3.07	64.95
887	2346.64	100.23	-5.53	3.17	64.96
888	2346.64	99.53	-5.70	3.17	64.96
889	2346.64	99.87	-4.00	3.20	64.95
890	2346.64	100.43	-3.83	3.27	64.93
891	2346.64	99.87	-3.80	3.27	64.93
892	2346.64	99.77	-5.50	3.17	64.94
893	2346.64	99.90	-5.50	3.20	64.96
894	2346.64	100.50	-5.33	3.17	64.97
895	2346.64	100.70	-5.17	3.20	64.96
896	2346.64	100.80	-4.87	3.23	64.95
897	2346.64	99.93	-4.57	3.27	64.94
898	2346.64	100.20	-5.00	3.30	64.95
899	2346.64	100.03	-6.67	3.07	64.96
900	2346.64	101.07	-7.40	2.97	64.96
901	2346.64	100.73	-6.80	2.83	64.96
902	2346.64	100.70	-5.27	3.00	64.95
903	2346.64	100.23	-4.77	3.10	64.94
904	2346.64	100.33	-5.33	3.23	64.94
905	2346.64	100.37	-5.63	3.13	64.96
906	2346.64	100.10	-6.07	3.03	64.97
907	2346.64	99.93	-4.93	2.90	64.98
908	2346.64	99.23	-5.00	2.90	64.97
909	2346.64	99.47	-4.70	3.07	64.96
910	2346.64	99.30	-5.57	3.37	64.93
911	2346.64	100.33	-5.77	3.33	64.92
912	2346.64	100.67	-6.00	3.17	64.93
913	2346.64	101.00	-6.10	3.07	64.98
914	2346.64	101.97	-5.90	3.07	64.98
915	2346.64	102.07	-5.93	3.33	64.97
916	2346.64	100.67	-5.63	3.13	64.95
917	2346.64	99.13	-5.57	3.17	64.94
918	2346.64	98.90	-5.77	3.00	64.94
919	2346.64	100.17	-6.33	2.93	64.95
920	2346.64	100.73	-6.70	2.87	64.96
921	2346.64	101.13	-6.23	2.80	64.97
922	2346.64	101.43	-5.70	2.87	64.96
923	2346.64	101.40	-4.97	2.90	64.95
924	2346.64	101.63	-5.13	3.10	64.93
925	2346.64	101.13	-6.27	3.13	64.94
926	2346.64	101.27	-6.73	3.13	64.95
927	2346.64	100.53	-6.43	3.07	64.96
928	2346.64	101.33	-5.00	3.13	64.95
929	2346.64	102.03	-4.83	3.17	64.94
930	2346.64	101.97	-5.30	3.00	64.94
931	2346.64	101.60	-5.97	2.83	64.94
932	2346.64	101.00	-6.20	2.80	64.95
933	2346.64	101.33	-5.90	2.57	64.97
934	2346.64	101.10	-5.60	2.67	64.99
935	2346.64	100.80	-5.20	2.70	64.98
936	2346.64	100.10	-5.20	2.83	64.95
937	2346.64	101.07	-5.20	2.73	64.94
938	2346.64	101.63	-6.13	2.67	64.95
939	2346.64	102.13	-5.77	2.73	64.96
940	2346.64	101.43	-5.83	2.80	64.96
941	2346.64	100.77	-4.80	2.83	64.95
942	2346.64	101.57	-5.10	2.90	64.94
943	2346.64	101.33	-3.20	2.90	64.94
944	2346.64	101.03	-2.80	2.83	64.95
945	2346.64	101.57	-2.37	2.83	64.96
946	2346.64	101.37	-5.43	2.73	64.97
947	2346.64	101.57	-5.83	2.80	64.97
948	2346.64	100.90	-6.37	2.87	64.93
949	2346.64	101.20	-5.03	2.93	64.91
950	2346.64	100.90	-5.47	2.77	64.90
951	2346.64	99.70	-6.03	2.60	64.94
952	2346.64	100.67	-6.37	2.63	64.95
953	2346.64	100.50	-7.23	2.57	64.96
954	2346.64	100.23	-6.40	2.63	64.94
955	2346.64	98.40	-6.27	2.73	64.94
956	2346.64	98.80	-5.20	2.87	64.94
957	2346.64	99.87	-5.67	2.80	64.96
958	2346.64	101.07	-5.23	2.70	64.96
959	2346.64	102.57	-7.63	2.83	64.96
960	2346.64	102.03	-7.27	2.90	64.95
961	2346.64	102.90	-7.47	3.00	64.94
962	2346.64	101.03	-5.43	2.83	64.95
963	2346.64	101.40	-6.13	2.73	64.95
964	2346.64	99.80	-6.93	2.53	64.96
965	2346.64	100.97	-6.70	2.23	64.98
966	2346.64	101.20	-6.07	2.27	64.95
967	2346.64	102.17	-5.17	2.50	64.93
968	2346.64	101.87	-5.10	2.93	64.90
969	2346.64	101.53	-5.27	2.97	64.94
970	2346.64	100.70	-5.60	2.80	64.96
971	2346.64	100.07	-5.93	2.70	64.96
972	2346.64	100.60	-6.00	2.47	64.96
973	2346.64	101.30	-5.83	2.60	64.95
974	2346.64	101.70	-5.40	3.00	64.94
975	2346.64	101.30	-4.17	3.10	64.94
976	2346.64	100.77	-4.63	2.97	64.95
977	2346.64	101.80	-4.90	2.53	64.96
978	2346.64	102.37	-5.20	2.63	64.96
979	2346.64	102.67	-4.87	2.60	64.97
980	2346.64	101.90	-4.67	2.80	64.95
981	2346.64	100.37	-5.33	2.60	64.94
982	2346.64	100.60	-6.00	2.67	64.93
983	2346.64	100.70	-6.27	2.67	64.95
984	2346.64	100.97	-6.93	3.00	64.97
985	2346.64	99.90	-9.07	3.03	64.98
986	2346.64	100.13	-8.73	3.10	64.97
987	2346.64	100.33	-7.17	3.03	64.95
988	2346.64	100.47	-4.00	3.03	64.94
989	2346.64	99.57	-4.70	2.97	64.95
990	2346.64	99.67	-6.10	2.97	64.96
991	2346.64	99.77	-6.73	2.93	64.97
992	2346.64	99.47	-6.30	2.80	64.96
993	2346.64	99.13	-5.70	2.90	64.95
994	2346.64	99.93	-5.47	3.03	64.94
995	2346.64	100.30	-5.33	3.07	64.96
996	2346.64	101.20	-6.47	2.83	64.96
997	2346.64	101.17	-6.60	2.43	64.97
998	2346.64	100.70	-6.63	2.60	64.97
999	2346.64	100.60	-5.67	2.70	64.97
1000	2346.64	99.57	-5.73	2.90	64.96
1001	2346.64	100.67	-5.90	2.60	64.96
1002	2346.64	100.07	-5.97	2.50	64.97
1003	2346.64	100.93	-6.03	2.53	64.97
1004	2346.64	100.60	-5.73	2.53	64.96
1005	2346.64	100.43	-5.57	2.50	64.95
1006	2346.64	99.53	-5.23	2.43	64.94
1007	2346.64	99.47	-5.37	2.47	64.95
1008	2346.64	99.03	-5.83	2.30	64.96
1009	2346.64	100.27	-6.00	2.60	65.00
1010	2346.64	100.13	-5.97	2.50	64.99
1011	2346.64	101.20	-5.17	2.83	64.98
1012	2346.64	100.20	-4.80	2.37	64.91
1013	2346.64	99.87	-4.87	2.63	64.93
1014	2346.64	100.50	-5.07	2.57	64.94
1015	2346.64	100.80	-3.60	2.73	64.97
1016	2346.64	100.50	-3.50	2.73	64.97
1017	2346.64	100.07	-3.83	3.00	64.96
1018	2346.64	99.10	-5.27	3.00	64.95
1019	2346.64	100.10	-5.03	2.73	64.93
1020	2346.64	99.13	-5.43	2.43	64.93
1021	2346.64	100.50	-5.83	2.40	64.94
1022	2346.64	100.60	-6.33	2.23	64.98
1023	2346.64	101.47	-6.13	2.20	64.98
1024	2346.64	101.20	-6.00	2.27	64.98
1025	2346.64	100.73	-5.53	2.73	64.94
1026	2346.64	99.57	-5.40	2.80	64.93
1027	2346.64	97.80	-5.80	2.77	64.94
1028	2346.64	97.87	-5.57	2.53	64.95
1029	2346.64	98.67	-6.03	2.50	64.95
1030	2346.64	100.17	-5.80	2.53	64.95
1031	2346.64	99.33	-6.57	2.53	64.95
1032	2346.64	98.83	-5.77	2.60	64.94
1033	2346.64	99.87	-3.00	2.63	64.94
1034	2346.64	100.43	-2.67	2.60	64.94
1035	2346.64	100.60	-3.00	2.50	64.94
1036	2346.64	100.20	-5.87	2.83	64.96
1037	2346.64	100.80	-6.00	2.80	64.97
1038	2346.64	102.33	-5.97	2.83	64.97
1039	2346.64	102.40	-5.83	2.47	64.96
1040	2346.64	102.03	-5.57	2.57	64.95
1041	2346.64	100.93	-5.33	2.27	64.93
1042	2346.64	101.23	-4.30	2.30	64.93
1043	2346.64	102.53	-4.13	2.27	64.93
1044	2346.64	102.40	-4.37	2.53	64.95
1045	2346.64	102.70	-5.53	2.57	64.96
1046	2346.64	102.43	-5.77	2.53	64.96
1047	2346.64	101.93	-5.80	2.53	64.94
1048	2346.64	100.67	-5.60	2.70	64.95
1049	2346.64	100.43	-5.77	2.90	64.94
1050	2346.64	100.93	-7.07	2.80	64.96
1051	2346.64	100.20	-9.47	2.67	64.94
1052	2346.64	100.90	-9.53	2.53	64.94
1053	2346.64	101.60	-8.50	2.60	64.95
1054	2346.64	101.93	-6.50	2.50	64.97
1055	2346.64	100.13	-5.30	2.53	64.97
1056	2346.64	98.77	-5.13	2.63	64.96
1057	2346.64	99.20	-4.57	2.63	64.94
1058	2346.64	99.07	-5.43	2.70	64.93
1059	2346.64	100.37	-6.17	2.57	64.93
1060	2346.64	100.43	-6.63	2.60	64.95
1061	2346.64	100.07	-7.00	2.47	64.96
1062	2346.64	98.70	-6.43	2.43	64.96
1063	2346.64	98.43	-6.20	2.33	64.95
1064	2346.64	98.93	-5.90	2.37	64.94
1065	2346.64	99.67	-3.60	2.33	64.94
1066	2346.64	100.23	-1.63	2.17	64.95
1067	2346.64	99.80	-3.67	2.10	64.96
1068	2346.64	99.17	-5.87	2.23	64.96
1069	2346.64	97.93	-7.73	2.43	64.96
1070	2346.64	99.43	-4.23	2.57	64.95
1071	2346.64	99.17	-4.87	2.47	64.94
1072	2346.64	99.90	-7.17	2.53	64.94
1073	2346.64	99.20	-8.53	2.30	64.95
1074	2346.64	100.83	-8.30	2.33	64.95
1075	2346.64	100.97	-6.03	2.27	64.95
1076	2346.64	101.10	-5.93	2.37	64.94
1077	2346.64	100.40	-5.13	2.33	64.93
1078	2346.64	100.50	-5.27	2.00	64.94
1079	2346.64	100.50	-5.63	2.00	64.94
1080	2346.64	100.40	-5.87	2.03	64.95
1081	2346.64	100.00	-5.83	2.33	64.95
1082	2346.64	100.67	-5.87	2.40	64.95
1083	2346.64	100.40	-5.60	2.43	64.94
1084	2346.64	102.27	-5.20	2.47	64.94
1085	2346.64	101.77	-4.93	2.57	64.94
1086	2346.64	103.00	-5.40	2.53	64.95
1087	2346.64	102.13	-5.67	2.40	64.96
1088	2346.64	102.53	-5.90	2.23	64.97
1089	2346.64	102.03	-5.77	2.23	64.96
1090	2346.64	101.97	-5.80	2.43	64.95
1091	2346.64	101.13	-5.60	2.50	64.94
1092	2346.64	100.53	-5.60	2.43	64.94
1093	2346.64	100.30	-5.53	2.13	64.98
1094	2346.64	101.43	-5.73	2.10	64.99
1095	2346.64	102.13	-6.17	2.10	65.00
1096	2346.64	100.37	-6.37	2.20	64.96
1097	2346.64	99.80	-5.97	2.10	64.96
1098	2346.64	99.63	-5.37	2.13	64.94
1099	2346.64	100.80	-5.33	2.10	64.92
1100	2346.64	100.50	-6.00	2.10	64.92
1101	2346.64	100.80	-6.37	2.03	64.93
1102	2346.64	100.40	-6.53	1.93	64.96
1103	2346.64	100.53	-5.10	1.77	64.98
1104	2346.64	100.03	-4.97	1.77	64.98
1105	2346.64	100.73	-4.63	1.93	64.96
1106	2346.64	100.30	-5.70	2.27	64.94
1107	2346.64	99.63	-5.57	2.30	64.94
1108	2346.64	99.70	-5.63	2.37	64.94
1109	2346.64	100.27	-4.63	2.13	64.95
1110	2346.64	101.30	-4.20	1.93	64.95
1111	2346.64	101.07	-4.37	1.87	64.95
1112	2346.64	101.67	-5.43	2.00	64.95
1113	2346.64	100.93	-5.80	2.13	64.94
1114	2346.64	101.30	-5.37	2.20	64.94
1115	2346.64	100.63	-5.10	2.10	64.93
1116	2346.64	101.13	-5.07	2.20	64.94
1117	2346.64	101.20	-5.47	2.13	64.94
1118	2346.64	99.93	-4.60	2.17	64.95
1119	2346.64	99.77	-4.90	2.40	64.93
1120	2346.64	99.57	-5.67	2.40	64.92
1121	2346.64	100.97	-6.90	2.70	64.91
1122	2346.64	101.03	-6.63	2.50	64.93
1123	2346.64	100.90	-5.50	2.50	64.94
1124	2346.64	101.20	-5.67	2.27	64.94
1125	2346.64	101.07	-5.93	2.13	64.95
1126	2346.64	101.13	-6.53	2.20	64.95
1127	2346.64	100.23	-6.57	2.27	64.96
1128	2346.64	99.87	-7.67	2.27	64.95
1129	2346.64	98.77	-7.10	2.23	64.94
1130	2346.64	99.30	-6.70	2.27	64.93
1131	2346.64	100.77	-5.60	2.10	64.94
1132	2346.64	101.80	-5.80	2.07	64.95
1133	2346.64	101.27	-6.27	1.93	64.96
1134	2346.64	100.17	-5.93	2.23	64.96
1135	2346.64	100.80	-5.83	2.33	64.95
1136	2346.64	101.13	-5.13	2.30	64.94
1137	2346.64	101.17	-5.27	2.50	64.93
1138	2346.64	99.53	-5.43	2.37	64.93
1139	2346.64	100.17	-4.97	2.37	64.94
1140	2346.64	100.30	-4.83	2.07	64.95
1141	2346.64	101.00	-5.30	1.93	64.96
1142	2346.64	101.53	-5.93	1.97	64.96
1143	2346.64	101.30	-6.00	1.97	64.95
1144	2346.64	101.33	-5.57	2.23	64.94
1145	2346.64	100.43	-5.60	2.37	64.94
1146	2346.64	100.43	-5.70	2.53	64.94
1147	2346.64	100.53	-5.70	2.27	64.95
1148	2346.64	100.30	-6.00	1.93	64.96
1149	2346.64	100.97	-5.80	1.90	64.96
1150	2346.64	100.67	-5.57	1.97	64.95
1151	2346.64	101.43	-5.27	2.17	64.94
1152	2346.64	100.67	-5.30	2.10	64.94
1153	2346.64	101.97	-5.43	2.27	64.94
1154	2346.64	101.37	-5.97	2.17	64.95
1155	2346.64	102.67	-6.40	2.20	64.95
1156	2346.64	101.27	-6.63	2.00	64.95
1157	2346.64	101.23	-6.27	2.10	64.95
1158	2346.64	100.47	-5.87	2.03	64.94
1159	2346.64	101.33	-5.43	2.33	64.94
1160	2346.64	100.27	-5.17	2.27	64.94
1161	2346.64	100.13	-5.77	2.20	64.94
1162	2346.64	99.67	-6.03	1.80	64.95
1163	2346.64	100.80	-6.33	1.77	64.97
1164	2346.64	100.83	-5.80	1.80	64.97
1165	2346.64	100.97	-5.17	2.17	64.96
1166	2346.64	100.90	-4.30	2.43	64.94
1167	2346.64	101.10	-4.33	2.50	64.93
1168	2346.64	100.83	-5.03	2.17	64.94
1169	2346.64	100.63	-5.93	2.00	64.94
1170	2346.64	100.87	-7.13	1.97	64.95
1171	2346.64	102.03	-7.07	2.00	64.95
1172	2346.64	102.17	-6.80	2.03	64.95
1173	2346.64	101.53	-5.70	1.93	64.93
1174	2346.64	99.93	-5.73	2.00	64.92
1175	2346.64	99.70	-5.77	1.87	64.93
1176	2346.64	99.80	-6.17	1.93	64.95
1177	2346.64	100.80	-6.37	2.17	64.94
1178	2346.64	100.27	-6.60	2.30	64.94
1179	2346.64	99.70	-6.10	2.23	64.93
1180	2346.64	100.37	-5.50	2.10	64.93
1181	2346.64	100.13	-5.43	1.97	64.94
1182	2346.64	99.83	-5.57	1.93	64.94
1183	2346.64	99.70	-6.20	1.80	64.96
1184	2346.64	100.70	-6.43	1.60	64.96
1185	2346.64	101.70	-6.43	1.63	64.96
1186	2346.64	101.17	-5.00	1.87	64.95
1187	2346.64	101.57	-4.73	2.17	64.94
1188	2346.64	101.10	-4.40	2.33	64.93
1189	2346.64	100.43	-4.77	2.03	64.93
1190	2346.64	99.90	-5.20	1.93	64.93
1191	2346.64	99.70	-5.40	1.70	64.94
1192	2346.64	99.73	-6.13	1.80	64.94
1193	2346.64	100.00	-5.60	1.80	64.95
1194	2346.64	100.60	-5.30	1.90	64.94
1195	2346.64	100.87	-2.47	1.87	64.94
1196	2346.64	99.90	-3.40	1.80	64.94
1197	2346.64	99.63	-3.77	1.77	64.95
1198	2346.64	100.33	-6.60	1.80	64.96
1199	2346.64	101.37	-5.73	1.93	64.97
1200	2346.64	102.20	-5.27	2.17	64.96
1201	2346.64	101.80	-3.30	2.33	64.95
1202	2346.64	100.97	-3.20	2.23	64.93
1203	2346.64	101.40	-3.60	2.17	64.94
1204	2346.64	101.77	-5.40	1.97	64.94
1205	2346.64	101.57	-5.70	1.93	64.97
1206	2346.64	99.00	-6.17	1.77	64.97
1207	2346.64	98.37	-6.27	1.87	64.96
1208	2346.64	98.83	-5.93	2.03	64.94
1209	2346.64	100.13	-5.70	2.47	64.93
1210	2346.64	100.07	-5.87	2.50	64.94
1211	2346.64	99.80	-6.37	2.33	64.94
1212	2346.64	99.83	-7.50	1.97	64.94
1213	2346.64	100.70	-7.63	1.73	64.97
1214	2346.64	101.63	-7.47	1.87	64.97
1215	2346.64	101.70	-5.93	1.90	64.95
1216	2346.64	100.43	-5.57	2.07	64.92
1217	2346.64	100.17	-5.37	1.93	64.91
1218	2346.64	99.40	-6.23	1.90	64.93
1219	2346.64	101.03	-6.37	1.83	64.94
1220	2346.64	100.93	-6.57	2.03	64.92
1221	2346.64	101.13	-4.37	2.07	64.91
1222	2346.64	99.77	-4.07	2.17	64.90
1223	2346.64	99.77	-4.10	2.10	64.94
1224	2346.64	101.40	-5.73	2.03	64.92
1225	2346.64	101.77	-5.87	2.00	64.93
1226	2346.64	101.07	-5.97	1.97	64.93
1227	2346.64	99.37	-6.43	1.97	64.95
1228	2346.64	98.80	-6.60	1.90	64.94
1229	2346.64	99.77	-6.43	1.87	64.94
1230	2346.64	100.33	-5.77	1.80	64.92
1231	2346.64	101.43	-5.80	1.73	64.93
1232	2346.64	101.03	-6.77	1.77	64.94
1233	2346.64	100.93	-6.77	1.80	64.96
1234	2346.64	99.73	-6.87	1.80	64.95
1235	2346.64	100.17	-5.47	1.77	64.93
1236	2346.64	99.70	-5.47	1.77	64.93
1237	2346.64	100.20	-5.43	1.63	64.92
1238	2346.64	99.47	-7.67	1.50	64.94
1239	2346.64	99.47	-8.00	1.47	64.95
1240	2346.64	99.77	-7.83	1.70	64.95
1241	2346.64	99.83	-5.80	1.73	64.94
1242	2346.64	100.63	-5.33	1.70	64.92
1243	2346.64	100.20	-5.50	1.67	64.93
1244	2346.64	101.03	-7.40	1.63	64.93
1245	2346.64	100.60	-8.07	1.60	64.95
1246	2346.64	100.97	-8.17	1.57	64.96
1247	2346.64	100.00	-5.93	1.60	64.95
1248	2346.64	99.77	-5.20	1.60	64.94
1249	2346.64	100.07	-4.73	1.50	64.94
1250	2346.64	100.73	-5.33	1.30	64.95
1251	2346.64	101.70	-7.23	1.37	64.95
1252	2346.64	101.90	-8.43	1.47	64.95
1253	2346.64	102.47	-8.13	1.73	64.94
1254	2346.64	101.20	-6.63	1.67	64.93
1255	2346.64	99.27	-5.87	1.50	64.93
1256	2346.64	98.73	-5.63	1.37	64.95
1257	2346.64	99.73	-4.47	1.23	64.96
1258	2346.64	100.67	-4.33	1.30	64.96
1259	2346.64	99.90	-4.47	1.33	64.95
1260	2346.64	99.83	-5.40	1.53	64.94
1261	2346.64	99.57	-6.07	1.50	64.94
1262	2346.64	100.00	-6.33	1.47	64.94
1263	2346.64	98.73	-6.87	1.40	64.95
1264	2346.64	99.70	-6.27	1.50	64.95
1265	2346.64	99.60	-6.37	1.60	64.96
1266	2346.64	100.87	-4.83	1.70	64.94
1267	2346.64	100.30	-5.77	1.73	64.93
1268	2346.64	100.10	-5.87	1.57	64.93
1269	2346.64	100.40	-9.67	1.57	64.94
1270	2346.64	100.67	-8.73	1.57	64.95
1271	2346.64	100.43	-8.77	1.63	64.95
1272	2346.64	100.20	-6.07	1.57	64.95
1273	2346.64	100.70	-5.80	1.57	64.94
1274	2346.64	100.67	-5.73	1.57	64.93
1275	2346.64	100.57	-5.87	1.60	64.93
1276	2346.64	99.87	-6.17	1.43	64.96
1277	2346.64	100.70	-6.17	1.73	64.97
1278	2346.64	100.40	-6.30	1.70	64.98
1279	2346.64	99.97	-6.03	1.87	64.96
1280	2346.64	99.07	-5.80	1.57	64.91
1281	2346.64	98.97	-5.67	1.80	64.92
1282	2346.64	99.00	-5.80	1.43	64.92
1283	2346.64	99.23	-6.00	1.43	64.97
1284	2346.64	99.50	-5.80	1.17	64.96
1285	2346.64	100.00	-5.87	1.50	64.96
1286	2346.64	99.47	-5.47	1.50	64.94
1287	2346.64	98.07	-5.63	1.53	64.93
1288	2346.64	97.97	-5.83	1.50	64.93
1289	2346.64	98.73	-6.43	1.37	64.96
1290	2346.64	100.33	-6.53	1.27	64.96
1291	2346.64	100.93	-7.20	1.23	64.97
1292	2346.64	101.87	-6.53	1.50	64.94
1293	2346.64	102.20	-6.27	1.67	64.93
1294	2346.64	102.73	-5.47	1.77	64.93
1295	2346.64	102.83	-5.97	1.53	64.96
1296	2346.64	102.43	-6.43	1.77	64.97
1297	2346.64	101.67	-6.07	1.83	64.96
1298	2346.64	101.17	-5.57	2.10	64.93
1299	2346.64	101.03	-5.27	1.90	64.94
1300	2346.64	100.77	-5.77	1.87	64.94
1301	2346.64	99.77	-6.30	1.77	64.96
1302	2346.64	99.67	-7.90	1.70	64.96
1303	2346.64	100.13	-7.13	1.63	64.95
1304	2346.64	100.93	-7.33	1.70	64.94
1305	2346.64	100.40	-6.03	1.63	64.93
1306	2346.64	99.63	-8.10	1.70	64.94
1307	2346.64	100.33	-6.87	1.80	64.95
1308	2346.64	101.30	-6.33	1.87	64.94
1309	2346.64	101.37	-4.50	1.73	64.93
1310	2346.64	100.60	-5.23	1.60	64.92
1311	2346.64	99.53	-4.47	1.57	64.93
1312	2346.64	99.97	-4.80	1.50	64.94
1313	2346.64	100.00	-5.33	1.33	64.95
1314	2346.64	100.70	-5.97	1.53	64.95
1315	2346.64	101.00	-5.67	1.73	64.94
1316	2346.64	100.77	-4.60	2.00	64.93
1317	2346.64	101.03	-5.00	1.80	64.94
1318	2346.64	100.70	-6.17	1.70	64.95
1319	2346.64	101.43	-4.80	1.53	64.95
1320	2346.64	101.17	-5.83	1.53	64.95
1321	2346.64	101.50	-4.83	1.40	64.94
1322	2346.64	100.97	-6.83	1.40	64.94
1323	2346.64	101.07	-5.83	1.20	64.96
1324	2346.64	101.07	-6.07	1.27	64.97
1325	2346.64	101.30	-6.20	1.23	64.96
1326	2346.64	101.10	-6.17	1.37	64.94
1327	2346.64	101.23	-6.03	1.40	64.92
1328	2346.64	101.37	-6.23	1.33	64.91
1329	2346.64	101.00	-8.70	1.30	64.92
1330	2346.64	100.43	-8.67	1.40	64.93
1331	2346.64	100.00	-7.97	1.37	64.94
1332	2346.64	100.83	-5.30	1.30	64.93
1333	2346.64	100.77	-5.37	1.23	64.92
1334	2346.64	100.60	-6.20	1.33	64.94
1335	2346.64	100.33	-5.30	1.40	64.95
1336	2346.64	100.63	-5.30	1.43	64.96
1337	2346.64	101.20	-4.60	1.47	64.94
1338	2346.64	101.13	-5.57	1.43	64.93
1339	2346.64	99.43	-5.70	1.40	64.93
1340	2346.64	98.73	-6.00	1.47	64.94
1341	2346.64	99.33	-6.00	1.50	64.96
1342	2346.64	100.73	-5.60	1.40	64.94
1343	2346.64	101.10	-6.33	1.37	64.93
1344	2346.64	100.00	-6.53	1.40	64.92
1345	2346.64	100.23	-8.53	1.37	64.94
1346	2346.64	100.33	-8.03	1.23	64.95
1347	2346.64	101.37	-7.90	1.23	64.96
1348	2346.64	101.43	-6.03	1.43	64.95
1349	2346.64	101.23	-5.60	1.57	64.94
1350	2346.64	100.80	-6.50	1.63	64.94
1351	2346.64	100.70	-7.00	1.50	64.95
1352	2346.64	100.40	-7.53	1.47	64.98
1353	2346.64	99.63	-6.63	1.47	64.98
1354	2346.64	100.03	-6.07	1.53	64.99
1355	2346.64	100.63	-5.43	1.43	64.96
1356	2346.64	100.57	-6.10	1.43	64.96
1357	2346.64	100.07	-6.83	1.33	64.95
1358	2346.64	99.80	-7.40	1.47	64.95
1359	2346.64	100.53	-6.63	1.43	64.96
1360	2346.64	100.27	-5.80	1.47	64.95
1361	2346.64	99.40	-5.20	1.20	64.95
1362	2346.64	99.40	-5.20	1.17	64.94
1363	2346.64	99.83	-5.47	1.07	64.95
1364	2346.64	101.73	-6.00	1.37	64.95
1365	2346.64	101.70	-6.50	1.43	64.93
1366	2346.64	101.30	-7.13	1.43	64.93
1367	2346.64	100.53	-6.80	1.33	64.91
1368	2346.64	100.77	-6.37	1.27	64.93
1369	2346.64	100.67	-6.03	1.27	64.94
1370	2346.64	99.47	-6.17	1.20	64.95
1371	2346.64	99.70	-6.43	1.17	64.96
1372	2346.64	99.50	-5.67	1.27	64.95
1373	2346.64	99.13	-5.47	1.33	64.93
1374	2346.64	98.80	-5.10	1.63	64.95
1375	2346.64	99.87	-5.87	1.73	64.95
1376	2346.64	101.77	-6.20	1.70	64.97
1377	2346.64	101.03	-6.50	1.40	64.95
1378	2346.64	101.03	-6.23	1.53	64.95
1379	2346.64	99.97	-5.90	1.60	64.94
1380	2346.64	100.23	-5.80	1.77	64.94
1381	2346.64	99.13	-5.47	1.40	64.97
1382	2346.64	100.20	-5.97	1.27	64.96
1383	2346.64	101.07	-5.97	1.13	64.97
1384	2346.64	102.03	-6.10	1.23	64.94
1385	2346.64	101.50	-5.40	1.30	64.94
1386	2346.64	101.30	-5.47	1.50	64.93
1387	2346.64	101.03	-5.80	1.70	64.92
1388	2346.64	101.40	-6.40	1.67	64.93
1389	2346.64	101.10	-6.60	1.40	64.94
1390	2346.64	101.90	-6.40	1.27	64.96
1391	2346.64	101.37	-6.20	1.23	64.95
1392	2346.64	101.07	-3.70	1.23	64.94
1393	2346.64	100.37	-3.63	1.40	64.93
1394	2346.64	100.10	-3.53	1.43	64.93
1395	2346.64	100.50	-5.87	1.40	64.94
1396	2346.64	100.77	-6.03	1.30	64.95
1397	2346.64	101.47	-5.73	1.27	64.96
1398	2346.64	102.57	-5.63	1.40	64.96
1399	2346.64	101.83	-5.63	1.47	64.94
1400	2346.64	101.80	-5.90	1.43	64.91
1401	2346.64	100.17	-6.43	1.27	64.92
1402	2346.64	100.43	-6.50	1.20	64.93
1403	2346.64	99.97	-6.57	1.10	64.94
1404	2346.64	100.40	-6.10	1.33	64.94
1405	2346.64	100.33	-6.00	1.23	64.93
1406	2346.64	100.27	-5.80	1.50	64.93
1407	2346.64	100.40	-5.67	1.43	64.93
1408	2346.64	101.17	-5.67	1.30	64.95
1409	2346.64	102.10	-6.27	0.97	64.97
1410	2346.64	101.07	-6.27	0.80	64.97
1411	2346.64	100.17	-5.30	0.93	64.96
1412	2346.64	99.77	-4.83	1.20	64.94
1413	2346.64	100.27	-4.53	1.27	64.93
1414	2346.64	99.20	-5.33	1.07	64.94
1415	2346.64	98.13	-5.67	0.97	64.98
1416	2346.64	98.03	-6.20	0.90	64.97
1417	2346.64	98.30	-6.97	1.10	64.97
1418	2346.64	99.07	-6.73	1.20	64.94
1419	2346.64	99.43	-5.57	1.40	64.95
1420	2346.64	101.03	-4.87	1.53	64.94
1421	2346.64	100.43	-4.97	1.57	64.98
1422	2346.64	100.77	-6.77	1.50	64.98
1423	2346.64	100.03	-7.97	1.37	64.99
1424	2346.64	99.97	-7.30	1.40	64.95
1425	2346.64	99.73	-5.93	1.53	64.94
1426	2346.64	100.17	-4.40	1.70	64.93
1427	2346.64	100.60	-5.07	1.70	64.93
1428	2346.64	100.80	-5.73	1.60	64.93
1429	2346.64	100.90	-8.30	1.53	64.95
1430	2346.64	101.63	-8.17	1.57	64.95
1431	2346.64	102.03	-7.97	1.53	64.94
1432	2346.64	101.60	-5.67	1.50	64.93
1433	2346.64	101.73	-5.73	1.47	64.92
1434	2346.64	101.20	-6.03	1.33	64.93
1435	2346.64	101.53	-6.50	1.23	64.94
1436	2346.64	100.07	-6.43	0.90	64.95
1437	2346.64	100.27	-5.10	1.00	64.95
1438	2346.64	99.30	-3.17	1.13	64.94
1439	2346.64	99.83	-3.23	1.47	64.93
1440	2346.64	100.20	-2.30	1.47	64.92
1441	2346.64	101.17	-1.83	1.33	64.93
1442	2346.64	101.03	-2.20	1.10	64.95
1443	2346.64	100.77	-3.37	1.07	64.95
1444	2346.64	100.60	-5.07	1.03	64.95
1445	2346.64	100.63	-4.20	1.13	64.94
1446	2346.64	100.67	-4.80	1.10	64.93
1447	2346.64	100.57	-5.77	1.13	64.94
1448	2346.64	100.47	-6.40	0.93	64.95
1449	2346.64	100.03	-7.37	0.93	64.95
1450	2346.64	99.83	-7.77	0.90	64.95
1451	2346.64	100.73	-7.27	1.27	64.94
1452	2346.64	100.33	-6.30	1.37	64.92
1453	2346.64	100.00	-5.60	1.47	64.92
1454	2346.64	99.80	-6.30	1.37	64.93
1455	2346.64	101.10	-6.60	1.27	64.95
1456	2346.64	102.00	-6.33	1.17	64.96
1457	2346.64	101.93	-5.83	1.23	64.94
1458	2346.64	101.30	-5.63	1.30	64.93
1459	2346.64	101.37	-5.63	1.37	64.93
1460	2346.64	101.30	-5.73	1.30	64.93
1461	2346.64	102.57	-6.30	1.20	64.94
1462	2346.64	102.93	-6.57	1.10	64.95
1463	2346.64	101.60	-6.43	1.00	64.95
1464	2346.64	100.63	-5.73	1.13	64.94
1465	2346.64	99.93	-5.23	1.13	64.94
1466	2346.64	101.57	-4.47	1.23	64.93
1467	2346.64	99.63	-4.80	1.17	64.94
1468	2346.64	99.77	-5.27	1.60	64.94
1469	2346.64	98.97	-6.37	1.57	64.95
1470	2346.64	100.73	-6.27	1.67	64.95
1471	2346.64	100.50	-5.97	1.50	64.94
1472	2346.64	100.80	-5.30	1.57	64.93
1473	2346.64	101.07	-6.83	1.50	64.92
1474	2346.64	101.93	-6.93	1.37	64.93
1475	2346.64	102.10	-7.67	1.33	64.91
1476	2346.64	102.00	-6.97	1.30	64.92
1477	2346.64	100.77	-6.97	1.13	64.94
1478	2346.64	100.63	-6.20	1.10	64.96
1479	2346.64	100.80	-5.30	1.13	64.95
1480	2346.64	101.33	-5.13	1.37	64.93
1481	2346.64	101.10	-5.57	1.27	64.93
1482	2346.64	100.63	-5.70	1.23	64.93
1483	2346.64	101.37	-6.17	1.17	64.94
1484	2346.64	101.80	-6.47	1.33	64.94
1485	2346.64	101.57	-6.43	1.27	64.94
1486	2346.64	100.73	-6.27	1.07	64.93
1487	2346.64	100.23	-6.27	1.17	64.93
1488	2346.64	99.93	-6.37	1.33	64.95
1489	2346.64	100.20	-6.27	1.50	64.95
1490	2346.64	101.23	-6.10	1.37	64.96
1491	2346.64	101.17	-6.03	1.20	64.95
1492	2346.64	101.53	-6.27	1.23	64.95
1493	2346.64	100.40	-6.20	1.10	64.94
1494	2346.64	100.30	-6.17	1.17	64.93
1495	2346.64	99.37	-6.00	1.13	64.92
1496	2346.64	100.37	-6.03	1.37	64.93
1497	2346.64	100.90	-5.83	1.47	64.89
1498	2346.64	100.73	-5.37	1.53	64.90
1499	2346.64	100.50	-5.40	1.43	64.91
1500	2346.64	100.27	-5.90	1.33	64.94
1501	2346.64	101.47	-6.30	1.23	64.94
1502	2346.64	101.60	-6.33	1.20	64.95
1503	2346.64	102.17	-6.00	1.30	64.95
1504	2346.64	101.50	-5.60	1.37	64.95
1505	2346.64	101.27	-5.43	1.50	64.93
1506	2346.64	101.07	-5.27	1.50	64.93
1507	2346.64	100.67	-5.27	1.50	64.92
1508	2346.64	100.50	-5.20	0.90	64.93
1509	2346.64	99.80	-5.70	0.80	64.94
1510	2346.64	100.43	-5.97	0.67	64.95
1511	2346.64	100.37	-6.23	1.17	64.95
1512	2346.64	101.10	-6.13	0.97	64.96
1513	2346.64	100.63	-6.07	0.70	64.96
1514	2346.64	100.70	-8.13	0.67	64.95
1515	2346.64	100.70	-7.87	0.87	64.94
1516	2346.64	100.50	-7.57	1.13	64.95
1517	2346.64	100.30	-5.13	1.17	64.94
1518	2346.64	100.37	-5.27	1.03	64.94
1519	2346.64	100.87	-5.93	0.97	64.93
1520	2346.64	101.07	-6.27	0.80	64.94
1521	2346.64	100.53	-6.33	0.63	64.96
1522	2346.64	100.77	-6.17	0.70	64.96
1523	2346.64	101.07	-6.07	0.73	64.96
1524	2346.64	101.33	-6.00	0.97	64.95
1525	2346.64	100.43	-5.93	1.03	64.94
1526	2346.64	100.37	-5.70	0.87	64.93
1527	2346.64	99.67	-6.13	0.77	64.92
1528	2346.64	99.60	-6.10	0.57	64.93
1529	2346.64	99.53	-8.43	0.70	64.94
1530	2346.64	100.20	-8.17	0.73	64.95
1531	2346.64	100.97	-8.33	0.83	64.95
1532	2346.64	100.77	-6.43	0.73	64.96
1533	2346.64	101.03	-6.00	0.77	64.95
1534	2346.64	100.27	-5.70	0.97	64.92
1535	2346.64	100.90	-5.07	1.20	64.91
1536	2346.64	100.27	-5.07	1.23	64.91
1537	2346.64	100.53	-5.23	1.00	64.93
1538	2346.64	99.87	-5.90	0.77	64.93
1539	2346.64	100.37	-5.53	0.77	64.94
1540	2346.64	101.17	-5.67	1.03	64.94
1541	2346.64	101.70	-6.80	1.17	64.95
1542	2346.64	101.43	-7.57	1.27	64.94
1543	2346.64	100.97	-7.23	1.10	64.94
1544	2346.64	100.30	-5.83	1.13	64.93
1545	2346.64	100.33	-4.70	1.07	64.93
1546	2346.64	100.77	-4.10	0.93	64.93
1547	2346.64	100.57	-4.37	0.80	64.94
1548	2346.64	101.97	-5.33	0.80	64.94
1549	2346.64	102.00	-6.43	0.97	64.96
1550	2346.64	102.73	-8.43	1.10	64.96
1551	2346.64	101.40	-8.47	1.23	64.95
1552	2346.64	100.67	-8.13	1.17	64.92
1553	2346.64	99.77	-5.70	1.17	64.92
1554	2346.64	99.47	-5.83	0.93	64.95
1555	2346.64	99.83	-5.87	0.87	64.97
1556	2346.64	100.43	-6.70	0.87	64.98
1557	2346.64	100.70	-6.70	0.90	64.96
1558	2346.64	100.53	-6.60	0.90	64.94
1559	2346.64	100.37	-4.30	0.97	64.93
1560	2346.64	100.03	-2.80	1.00	64.93
1561	2346.64	100.80	-3.07	1.03	64.93
1562	2346.64	101.40	-4.33	0.93	64.94
1563	2346.64	102.10	-5.63	0.80	64.95
1564	2346.64	101.73	-5.63	0.63	64.96
1565	2346.64	100.77	-6.30	0.67	64.95
1566	2346.64	100.10	-6.30	0.77	64.95
1567	2346.64	98.47	-5.93	0.90	64.94
1568	2346.64	100.33	-5.53	1.07	64.94
1569	2346.64	101.70	-6.43	1.07	64.94
1570	2346.64	103.67	-6.90	1.10	64.94
1571	2346.64	102.20	-7.23	0.90	64.94
1572	2346.64	101.97	-6.53	0.90	64.95
1573	2346.64	100.93	-6.27	0.90	64.96
1574	2346.64	100.57	-5.93	0.97	64.95
1575	2346.64	99.87	-5.40	1.03	64.96
1576	2346.64	100.83	-5.03	1.27	64.95
1577	2346.64	100.57	-5.17	1.23	64.94
1578	2346.64	100.10	-5.50	1.17	64.93
1579	2346.64	99.57	-6.17	1.07	64.94
1580	2346.64	100.10	-6.23	1.10	64.95
1581	2346.64	100.50	-6.97	1.17	64.94
1582	2346.64	100.03	-7.40	1.10	64.94
1583	2346.64	100.27	-6.47	1.20	64.93
1584	2346.64	101.30	-5.47	1.13	64.93
1585	2346.64	102.10	-4.93	1.13	64.94
1586	2346.64	101.93	-5.97	0.83	64.95
1587	2346.64	100.47	-6.23	0.77	64.95
1588	2346.64	100.17	-5.93	0.80	64.94
1589	2346.64	100.57	-5.83	0.97	64.94
1590	2346.64	101.77	-5.70	1.13	64.93
1591	2346.64	101.77	-5.77	1.07	64.93
1592	2346.64	101.37	-5.83	0.97	64.91
1593	2346.64	100.97	-6.33	0.87	64.92
1594	2346.64	100.77	-6.57	0.70	64.93
1595	2346.64	100.50	-6.60	0.63	64.98
1596	2346.64	99.73	-7.43	0.53	64.98
1597	2346.64	100.23	-8.63	0.60	64.97
1598	2346.64	101.43	-8.33	0.70	64.93
1599	2346.64	101.87	-6.97	0.67	64.93
1600	2346.64	101.73	-5.63	0.73	64.94
1601	2346.64	99.23	-6.03	0.67	64.95
1602	2346.64	100.07	-6.73	0.63	64.96
1603	2346.64	100.17	-6.43	0.63	64.96
1604	2346.64	102.07	-6.00	0.83	64.94
1605	2346.64	100.73	-5.37	0.93	64.92
1606	2346.64	100.20	-4.80	0.90	64.93
1607	2346.64	100.03	-4.93	0.77	64.94
1608	2346.64	99.50	-5.20	0.77	64.95
1609	2346.64	99.80	-6.17	0.83	64.94
1610	2346.64	99.33	-6.00	0.80	64.93
1611	2346.64	100.53	-5.60	0.97	64.92
1612	2346.64	100.50	-5.27	0.97	64.91
1613	2346.64	100.93	-5.10	1.00	64.92
1614	2346.64	100.60	-5.13	0.97	64.95
1615	2346.64	100.97	-5.00	0.83	64.96
1616	2346.64	101.43	-5.43	0.87	64.96
1617	2346.64	101.33	-5.60	0.83	64.94
1618	2346.64	100.20	-5.67	0.93	64.93
1619	2346.64	99.73	-5.67	1.00	64.93
1620	2346.64	100.67	-6.13	0.93	64.94
1621	2346.64	101.93	-6.63	0.67	64.96
1622	2346.64	102.07	-6.57	0.53	64.96
1623	2346.64	101.70	-6.27	0.57	64.95
1624	2346.64	101.37	-5.73	1.00	64.94
1625	2346.64	101.03	-5.50	1.17	64.94
1626	2346.64	100.80	-5.47	1.13	64.95
1627	2346.64	101.17	-5.90	0.83	64.94
1628	2346.64	100.97	-6.20	0.73	64.94
1629	2346.64	101.47	-5.97	0.73	64.94
1630	2346.64	99.80	-5.60	0.83	64.93
1631	2346.64	99.63	-5.60	0.77	64.93
1632	2346.64	99.57	-6.07	0.73	64.93
1633	2346.64	100.87	-6.33	0.70	64.92
1634	2346.64	101.47	-6.13	0.70	64.93
1635	2346.64	100.83	-6.10	0.80	64.92
1636	2346.64	100.17	-5.73	0.80	64.93
1637	2346.64	99.13	-6.13	0.77	64.93
1638	2346.64	98.87	-6.07	0.63	64.94
1639	2346.64	99.00	-6.63	0.53	64.94
1640	2346.64	99.57	-6.57	0.67	64.96
1641	2346.64	99.93	-6.40	0.77	64.96
1642	2346.64	100.07	-5.93	0.87	64.95
1643	2346.64	101.60	-6.80	0.97	64.93
1644	2346.64	101.07	-7.97	0.93	64.93
1645	2346.64	101.27	-8.67	0.97	64.94
1646	2346.64	99.37	-7.70	0.70	64.97
1647	2346.64	99.83	-5.77	0.73	64.96
1648	2346.64	99.17	-7.03	0.80	64.96
1649	2346.64	99.83	-6.80	0.93	64.93
1650	2346.64	100.07	-7.57	0.77	64.95
1651	2346.64	100.40	-5.73	0.50	64.96
1652	2346.64	101.30	-5.77	0.43	64.96
1653	2346.64	100.83	-5.93	0.67	64.96
1654	2346.64	100.70	-5.67	0.80	64.96
1655	2346.64	100.13	-5.77	0.53	64.97
1656	2346.64	99.63	-5.53	0.37	64.97
1657	2346.64	100.37	-6.10	0.33	64.96
1658	2346.64	99.53	-6.50	0.50	64.97
1659	2346.64	100.50	-6.80	0.57	64.97
1660	2346.64	100.63	-7.30	0.67	64.96
1661	2346.64	100.83	-6.80	0.73	64.93
1662	2346.64	101.13	-6.53	0.67	64.93
1663	2346.64	100.07	-6.03	0.70	64.94
1664	2346.64	101.07	-6.40	0.70	64.94
1665	2346.64	101.40	-6.57	0.70	64.96
1666	2346.64	101.53	-6.60	0.70	64.96
1667	2346.64	100.70	-5.93	0.77	64.97
1668	2346.64	99.13	-5.50	0.93	64.94
1669	2346.64	99.10	-5.07	0.83	64.94
1670	2346.64	98.97	-5.67	0.77	64.93
1671	2346.64	99.57	-5.83	0.63	64.94
1672	2346.64	99.47	-6.03	0.63	64.95
1673	2346.64	101.17	-5.87	0.70	64.95
1674	2346.64	101.80	-5.97	0.80	64.94
1675	2346.64	101.30	-5.93	1.07	64.93
1676	2346.64	100.17	-6.23	1.10	64.92
1677	2346.64	99.53	-6.10	0.97	64.92
1678	2346.64	100.80	-4.40	0.90	64.93
1679	2346.64	100.47	-4.33	0.77	64.94
1680	2346.64	100.67	-4.17	0.80	64.95
1681	2346.64	100.80	-5.80	0.57	64.94
1682	2346.64	101.33	-5.43	0.73	64.94
1683	2346.64	99.93	-5.53	0.83	64.92
1684	2346.64	99.17	-5.27	0.83	64.93
1685	2346.64	98.80	-5.53	0.67	64.94
1686	2346.64	100.00	-5.90	0.50	64.95
1687	2346.64	100.40	-6.40	0.63	64.95
1688	2346.64	99.50	-6.23	0.73	64.95
1689	2346.64	99.27	-6.80	0.93	64.93
1690	2346.64	99.30	-5.30	1.00	64.92
1691	2346.64	100.70	-5.57	1.40	64.91
1692	2346.64	101.43	-4.93	1.30	64.92
1693	2346.64	102.20	-6.30	1.27	64.94
1694	2346.64	101.53	-6.10	0.93	64.95
1695	2346.64	101.23	-5.63	0.83	64.94
1696	2346.64	100.50	-5.47	0.80	64.93
1697	2346.64	99.67	-5.33	0.67	64.92
1698	2346.64	99.77	-6.60	0.67	64.93
1699	2346.64	99.17	-6.50	0.60	64.94
1700	2346.64	100.33	-6.73	0.67	64.95
1701	2346.64	100.40	-5.33	0.77	64.94
1702	2346.64	101.40	-5.33	0.70	64.93
1703	2346.64	101.57	-4.40	0.63	64.93
1704	2346.64	101.93	-4.97	0.70	64.94
1705	2346.64	100.93	-5.40	0.73	64.95
1706	2346.64	101.07	-6.73	0.77	64.95
1707	2346.64	100.27	-6.50	0.53	64.95
1708	2346.64	100.17	-5.83	0.63	64.93
1709	2346.64	100.07	-5.13	0.70	64.94
1710	2346.64	100.23	-4.77	0.83	64.94
1711	2346.64	101.67	-4.73	0.77	64.94
1712	2346.64	102.33	-4.83	0.77	64.93
1713	2346.64	102.23	-5.70	0.67	64.93
1714	2346.64	101.50	-6.17	0.63	64.93
1715	2346.64	101.43	-6.40	0.57	64.94
1716	2346.64	102.30	-5.37	0.63	64.95
1717	2346.64	102.40	-5.50	0.57	64.95
1718	2346.64	101.67	-5.27	0.77	64.94
1719	2346.64	102.50	-5.83	0.90	64.93
1720	2346.64	102.23	-5.53	1.10	64.92
1721	2346.64	101.77	-5.50	0.93	64.92
1722	2346.64	100.60	-5.93	0.90	64.93
1723	2346.64	100.67	-6.23	0.87	64.94
1724	2346.64	101.60	-7.57	0.87	64.95
1725	2346.64	101.80	-7.63	1.07	64.95
1726	2346.64	101.73	-10.43	0.83	64.95
1727	2346.64	100.80	-8.03	0.77	64.95
1728	2346.64	100.60	-7.60	0.57	64.93
1729	2346.64	100.60	-4.53	0.63	64.93
1730	2346.64	100.47	-5.67	0.60	64.93
1731	2346.64	100.07	-5.97	0.57	64.93
1732	2346.64	100.67	-6.17	0.37	64.96
1733	2346.64	100.40	-6.43	0.33	64.97
1734	2346.64	100.50	-6.50	0.13	64.98
1735	2346.64	99.57	-6.53	0.60	64.96
1736	2346.64	100.27	-6.00	0.70	64.95
1737	2346.64	100.33	-5.57	0.93	64.93
1738	2346.64	101.63	-5.50	0.90	64.94
1739	2346.64	101.93	-5.67	0.73	64.93
1740	2346.64	102.40	-5.70	0.97	64.93
1741	2346.64	101.80	-5.97	1.00	64.93
1742	2346.64	102.20	-6.23	1.13	64.95
1743	2346.64	100.57	-6.23	0.97	64.95
1744	2346.64	100.20	-7.93	0.80	64.95
1745	2346.64	99.13	-7.53	0.63	64.94
1746	2346.64	100.43	-9.03	0.60	64.93
1747	2346.64	101.57	-6.93	0.53	64.93
1748	2346.64	102.10	-6.90	0.70	64.93
1749	2346.64	101.83	-5.63	0.53	64.94
1750	2346.64	100.80	-6.10	0.57	64.94
1751	2346.64	100.73	-6.47	0.50	64.94
1752	2346.64	100.33	-6.53	0.50	64.93
1753	2346.64	100.47	-4.23	0.47	64.93
1754	2346.64	99.40	-4.20	0.57	64.92
1755	2346.64	100.57	-4.07	0.63	64.91
1756	2346.64	100.47	-5.83	0.57	64.91
1757	2346.64	100.50	-5.60	0.47	64.93
1758	2346.64	99.83	-6.00	0.40	64.94
1759	2346.64	99.70	-6.47	0.53	64.95
1760	2346.64	100.50	-6.80	0.73	64.94
1761	2346.64	100.33	-6.23	0.90	64.94
1762	2346.64	100.27	-5.77	0.90	64.96
1763	2346.64	100.37	-5.67	0.87	64.96
1764	2346.64	100.67	-5.97	0.60	64.97
1765	2346.64	100.73	-6.27	0.53	64.96
1766	2346.64	101.37	-6.27	0.33	64.97
1767	2346.64	100.27	-5.80	0.37	64.96
1768	2346.64	100.27	-5.40	0.37	64.94
1769	2346.64	100.23	-4.87	0.53	64.93
1770	2346.64	100.93	-5.43	0.57	64.92
1771	2346.64	100.23	-6.13	0.50	64.93
1772	2346.64	99.53	-7.10	0.40	64.94
1773	2346.64	99.67	-6.97	0.50	64.95
1774	2346.64	100.83	-6.60	0.63	64.94
1775	2346.64	100.53	-5.97	0.70	64.94
1776	2346.64	100.80	-5.83	0.70	64.93
1777	2346.64	101.10	-5.67	0.70	64.93
1778	2346.64	102.33	-6.00	0.67	64.94
1779	2346.64	102.27	-6.03	0.40	64.96
1780	2346.64	100.87	-6.40	0.27	64.96
1781	2346.64	99.83	-6.60	0.33	64.95
1782	2346.64	99.57	-6.57	0.53	64.94
1783	2346.64	100.93	-6.20	0.70	64.93
1784	2346.64	101.13	-5.90	0.60	64.92
1785	2346.64	101.47	-6.07	0.60	64.93
1786	2346.64	100.37	-5.70	0.40	64.94
1787	2346.64	100.87	-6.13	0.43	64.95
1788	2346.64	100.50	-6.07	0.53	64.95
1789	2346.64	100.40	-6.53	0.63	64.94
1790	2346.64	99.27	-6.10	0.43	64.93
1791	2346.64	98.67	-6.07	0.33	64.93
1792	2346.64	99.70	-6.03	0.27	64.92
1793	2346.64	100.40	-7.57	0.43	64.93
1794	2346.64	100.97	-7.63	0.47	64.94
1795	2346.64	100.57	-7.63	0.57	64.94
1796	2346.64	100.37	-5.87	0.60	64.94
1797	2346.64	100.57	-5.67	0.47	64.93
1798	2346.64	101.03	-5.77	0.50	64.93
1799	2346.64	101.30	-6.00	0.50	64.93
1800	2346.64	101.60	-6.17	0.57	64.94
1801	2346.64	100.70	-6.50	0.40	64.95
1802	2346.64	99.30	-6.37	0.50	64.94
1803	2346.64	99.27	-6.33	0.60	64.93
1804	2346.64	100.73	-5.57	0.87	64.92
1805	2346.64	102.20	-5.57	0.73	64.92
1806	2346.64	101.77	-5.50	0.67	64.92
1807	2346.64	100.40	-6.03	0.40	64.93
1808	2346.64	100.57	-6.27	0.50	64.94
1809	2346.64	100.67	-6.33	0.53	64.94
1810	2346.64	100.40	-5.87	0.63	64.94
1811	2346.64	100.47	-5.27	0.63	64.94
1812	2346.64	100.63	-5.07	0.63	64.93
1813	2346.64	100.63	-5.50	0.67	64.93
1814	2346.64	100.97	-7.10	0.70	64.93
1815	2346.64	100.57	-7.33	0.50	64.94
1816	2346.64	101.43	-7.23	0.30	64.94
1817	2346.64	100.00	-6.20	0.13	64.94
1818	2346.64	100.60	-5.97	0.27	64.94
1819	2346.64	100.40	-5.77	0.50	64.93
1820	2346.64	100.60	-5.40	0.37	64.93
1821	2346.64	100.40	-5.47	0.43	64.96
1822	2346.64	100.00	-5.60	0.20	64.95
1823	2346.64	100.20	-6.07	0.17	64.95
1824	2346.64	100.13	-6.07	0.17	64.92
1825	2346.64	101.27	-6.07	0.43	64.94
1826	2346.64	101.27	-5.70	0.73	64.94
1827	2346.64	101.27	-5.43	0.77	64.93
1828	2346.64	100.07	-5.30	0.60	64.92
1829	2346.64	99.30	-5.67	0.57	64.92
1830	2346.64	99.23	-6.10	0.47	64.94
1831	2346.64	99.77	-7.03	0.53	64.95
1832	2346.64	100.57	-6.70	0.47	64.95
1833	2346.64	100.73	-7.17	0.57	64.95
1834	2346.64	100.30	-6.33	0.57	64.94
1835	2346.64	99.83	-6.07	0.60	64.95
1836	2346.64	99.77	-5.50	0.67	64.95
1837	2346.64	99.97	-5.37	0.63	64.96
1838	2346.64	100.97	-5.67	0.60	64.95
1839	2346.64	100.87	-5.80	0.50	64.95
1840	2346.64	101.10	-6.17	0.60	64.95
1841	2346.64	101.40	-5.70	0.67	64.94
1842	2346.64	102.67	-5.43	0.83	64.94
1843	2346.64	102.07	-5.20	1.00	64.93
1844	2346.64	101.73	-5.67	1.07	64.92
1845	2346.64	100.93	-4.00	0.93	64.93
1846	2346.64	101.00	-4.23	0.73	64.94
1847	2346.64	100.93	-4.33	0.50	64.95
1848	2346.64	100.50	-5.87	0.23	64.96
1849	2346.64	101.00	-4.53	0.20	64.95
1850	2346.64	101.37	-4.23	0.40	64.94
1851	2346.64	100.43	-3.97	0.63	64.93
1852	2346.64	99.90	-3.67	0.80	64.93
1853	2346.64	98.90	-4.20	0.73	64.96
1854	2346.64	100.20	-4.67	0.70	64.96
1855	2346.64	101.43	-6.03	0.50	64.96
1856	2346.64	102.00	-5.50	0.67	64.95
1857	2346.64	101.17	-4.73	0.60	64.94
1858	2346.64	100.27	-4.90	0.53	64.93
1859	2346.64	99.63	-5.67	0.30	64.93
1860	2346.64	101.30	-6.63	0.33	64.94
1861	2346.64	101.27	-6.67	0.27	64.94
1862	2346.64	102.30	-6.53	0.43	64.94
1863	2346.64	100.27	-8.07	0.47	64.93
1864	2346.64	100.60	-7.77	0.57	64.93
1865	2346.64	100.10	-7.37	0.37	64.94
1866	2346.64	101.43	-4.77	0.33	64.94
1867	2346.64	101.17	-4.83	0.47	64.95
1868	2346.64	100.97	-4.77	0.43	64.96
1869	2346.64	99.87	-5.50	0.47	64.95
1870	2346.64	100.27	-5.50	0.47	64.94
1871	2346.64	99.77	-5.63	0.47	64.95
1872	2346.64	100.40	-6.20	0.57	64.96
1873	2346.64	99.77	-6.83	0.40	64.96
1874	2346.64	100.33	-6.63	0.53	64.93
1875	2346.64	100.17	-6.30	0.50	64.92
1876	2346.64	100.07	-5.87	0.47	64.93
1877	2346.64	100.23	-5.87	0.37	64.92
1878	2346.64	101.23	-5.83	0.27	64.93
1879	2346.64	102.03	-6.00	0.50	64.92
1880	2346.64	102.67	-5.87	0.60	64.93
1881	2346.64	102.07	-5.43	0.97	64.92
1882	2346.64	101.80	-5.03	0.77	64.93
1883	2346.64	100.93	-5.43	0.70	64.96
1884	2346.64	100.63	-6.13	0.30	64.98
1885	2346.64	100.70	-6.20	0.30	64.98
1886	2346.64	100.50	-5.83	0.37	64.94
1887	2346.64	100.70	-5.00	0.47	64.92
1888	2346.64	100.70	-5.53	0.60	64.94
1889	2346.64	101.47	-6.23	0.50	64.96
1890	2346.64	101.47	-7.83	0.37	64.96
1891	2346.64	100.63	-7.17	0.17	64.95
1892	2346.64	100.57	-6.70	0.57	64.91
1893	2346.64	100.10	-5.27	0.67	64.94
1894	2346.64	100.83	-5.37	0.73	64.94
1895	2346.64	100.90	-5.80	0.47	64.99
1896	2346.64	101.70	-7.10	0.33	64.96
1897	2346.64	101.33	-7.33	0.43	64.97
1898	2346.64	100.57	-6.63	0.40	64.94
1899	2346.64	100.10	-5.27	0.50	64.94
1900	2346.64	100.37	-5.20	0.43	64.93
1901	2346.64	101.23	-5.93	0.30	64.94
1902	2346.64	102.43	-6.73	0.33	64.94
1903	2346.64	102.20	-6.60	0.23	64.95
1904	2346.64	101.67	-6.23	0.40	64.95
1905	2346.64	100.53	-4.60	0.40	64.94
1906	2346.64	100.57	-4.53	0.53	64.93
1907	2346.64	100.80	-4.63	0.57	64.93
1908	2346.64	101.07	-5.93	0.47	64.94
1909	2346.64	101.40	-6.20	0.23	64.95
1910	2346.64	100.77	-5.80	0.07	64.94
1911	2346.64	99.57	-5.70	0.17	64.93
1912	2346.64	98.33	-5.50	0.33	64.93
1913	2346.64	97.90	-5.50	0.13	64.93
1914	2346.64	99.27	-5.63	0.23	64.93
1915	2346.64	100.50	-6.07	0.40	64.95
1916	2346.64	101.27	-6.43	0.67	64.95
1917	2346.64	100.77	-6.33	0.57	64.93
1918	2346.64	101.83	-5.83	0.93	64.91
1919	2346.64	101.27	-5.87	0.97	64.91
1920	2346.64	101.30	-6.07	0.87	64.93
1921	2346.64	100.10	-5.90	0.33	64.95
1922	2346.64	101.47	-5.80	0.20	64.94
1923	2346.64	100.83	-5.63	0.27	64.90
1924	2346.64	100.83	-6.07	0.47	64.88
1925	2346.64	100.30	-6.47	0.60	64.88
1926	2346.64	100.93	-6.67	0.60	64.92
1927	2346.64	101.30	-5.93	0.43	64.94
1928	2346.64	100.70	-5.97	0.47	64.95
1929	2346.64	100.73	-5.73	0.53	64.94
1930	2346.64	100.80	-6.37	0.83	64.94
1931	2346.64	101.90	-5.73	0.90	64.96
1932	2346.64	102.10	-5.57	0.77	64.96
1933	2346.64	102.60	-5.77	0.57	64.96
1934	2346.64	101.30	-6.07	0.33	64.95
1935	2346.64	102.33	-6.30	0.37	64.95
1936	2346.64	100.90	-5.97	0.37	64.94
1937	2346.64	102.27	-5.50	0.40	64.94
1938	2346.64	101.13	-5.23	0.33	64.93
1939	2346.64	101.47	-6.13	0.23	64.93
1940	2346.64	100.63	-6.67	0.20	64.94
1941	2346.64	100.73	-8.23	0.40	64.95
1942	2346.64	101.30	-9.17	0.40	64.95
1943	2346.64	100.90	-8.90	0.23	64.91
1944	2346.64	99.77	-7.23	0.07	64.90
1945	2346.64	99.37	-5.70	0.13	64.89
1946	2346.64	100.00	-5.97	0.43	64.93
1947	2346.64	100.57	-6.60	0.43	64.94
1948	2346.64	101.07	-6.60	0.40	64.95
1949	2346.64	101.73	-6.23	0.27	64.94
1950	2346.64	103.00	-5.83	0.57	64.92
1951	2346.64	101.93	-5.30	0.83	64.89
1952	2346.64	101.23	-5.33	0.83	64.90
1953	2346.64	100.20	-5.77	0.50	64.92
1954	2346.64	100.57	-6.57	0.40	64.95
1955	2346.64	100.00	-6.57	0.43	64.94
1956	2346.64	100.07	-7.10	0.53	64.94
1957	2346.64	100.47	-6.57	0.37	64.93
1958	2346.64	100.27	-6.50	0.40	64.93
1959	2346.64	100.13	-5.80	0.40	64.93
1960	2346.64	100.27	-5.93	0.47	64.93
1961	2346.64	100.70	-6.37	0.47	64.95
1962	2346.64	100.37	-6.93	0.43	64.95
1963	2346.64	99.80	-6.57	0.37	64.94
1964	2346.64	99.80	-6.00	0.43	64.93
1965	2346.64	99.73	-5.30	0.40	64.93
1966	2346.64	100.73	-4.10	0.50	64.94
1967	2346.64	101.97	-4.97	0.47	64.95
1968	2346.64	101.87	-6.30	0.63	64.94
1969	2346.64	101.27	-8.40	0.73	64.93
1970	2346.64	99.57	-10.03	0.87	64.93
1971	2346.64	100.30	-8.87	0.87	64.93
1972	2346.64	99.50	-8.50	0.77	64.94
1973	2346.64	99.93	-6.30	0.63	64.95
1974	2346.64	99.87	-5.93	0.67	64.95
1975	2346.64	100.17	-5.23	0.80	64.93
1976	2346.64	98.97	-5.27	0.90	64.93
1977	2346.64	99.00	-5.47	0.93	64.94
1978	2346.64	99.53	-6.03	0.70	64.94
1979	2346.64	100.83	-6.07	0.80	64.91
1980	2346.64	101.03	-5.93	0.63	64.91
1981	2346.64	100.60	-5.50	0.73	64.91
1982	2346.64	100.57	-5.73	0.50	64.93
1983	2346.64	99.93	-6.83	0.50	64.92
1984	2346.64	100.17	-8.90	0.30	64.93
1985	2346.64	100.40	-8.70	0.30	64.94
1986	2346.64	100.50	-7.63	0.30	64.95
1987	2346.64	100.53	-5.77	0.43	64.96
1988	2346.64	100.03	-5.60	0.47	64.94
1989	2346.64	100.47	-5.43	0.53	64.95
1990	2346.64	99.20	-5.43	0.50	64.96
1991	2346.64	98.67	-5.17	0.30	64.97
1992	2346.64	98.30	-5.43	0.13	64.97
1993	2346.64	99.57	-6.70	0.17	64.94
1994	2346.64	100.53	-6.67	0.27	64.94
1995	2346.64	100.70	-6.13	0.37	64.93
1996	2346.64	101.27	-5.87	0.43	64.93
1997	2346.64	101.10	-5.87	0.40	64.93
1998	2346.64	101.10	-6.23	0.37	64.94
1999	2346.64	99.80	-5.90	0.20	64.93
2000	2346.64	100.77	-5.93	0.23	64.94
2001	2346.64	100.53	-5.97	0.27	64.95
2002	2346.64	100.90	-5.37	0.30	64.95
2003	2346.64	100.40	-5.80	0.47	64.94
2004	2346.64	101.30	-5.80	0.47	64.93
2005	2346.64	101.63	-6.20	0.37	64.94
2006	2346.64	100.97	-6.47	0.17	64.95
2007	2346.64	100.37	-6.63	0.10	64.95
2008	2346.64	99.60	-6.17	0.13	64.95
2009	2346.64	99.77	-5.70	0.27	64.93
2010	2346.64	99.80	-5.80	0.40	64.92
2011	2346.64	100.70	-5.83	0.53	64.92
2012	2346.64	100.23	-6.37	0.50	64.93
2013	2346.64	101.13	-6.57	0.47	64.94
2014	2346.64	99.10	-4.70	0.47	64.95
2015	2346.64	99.40	-4.57	0.43	64.94
2016	2346.64	97.60	-3.97	0.40	64.93
2017	2346.64	99.70	-6.33	0.43	64.92
2018	2346.64	100.13	-5.93	0.37	64.90
2019	2346.64	101.07	-6.33	0.30	64.91
2020	2346.64	100.57	-6.20	0.43	64.92
2021	2346.64	100.70	-6.50	0.53	64.95
2022	2346.64	100.63	-6.77	0.60	64.94
2023	2346.64	101.03	-6.30	0.47	64.93
2024	2346.64	99.77	-6.13	0.60	64.91
2025	2346.64	100.20	-5.53	0.63	64.92
2026	2346.64	100.83	-6.03	0.57	64.93
2027	2346.64	101.93	-4.83	0.47	64.94
2028	2346.64	101.83	-4.50	0.50	64.95
2029	2346.64	101.13	-3.80	0.60	64.94
2030	2346.64	100.77	-4.87	0.50	64.93
2031	2346.64	99.80	-5.13	0.47	64.92
2032	2346.64	100.17	-4.73	0.37	64.92
2033	2346.64	100.37	-5.07	0.37	64.93
2034	2346.64	101.23	-5.43	0.43	64.94
2035	2346.64	101.53	-6.70	0.47	64.95
2036	2346.64	101.80	-6.27	0.57	64.94
2037	2346.64	101.67	-5.80	0.57	64.93
2038	2346.64	101.27	-5.30	0.70	64.92
2039	2346.64	101.03	-5.33	0.57	64.93
2040	2346.64	100.63	-5.40	0.33	64.94
2041	2346.64	99.37	-5.37	0.10	64.94
2042	2346.64	99.33	-5.60	0.30	64.95
2043	2346.64	98.33	-5.57	0.37	64.94
2044	2346.64	99.27	-5.37	0.23	64.93
2045	2346.64	99.23	-5.33	0.10	64.92
2046	2346.64	100.30	-6.40	0.20	64.93
2047	2346.64	100.03	-6.67	-0.03	64.95
2048	2346.64	99.33	-6.73	-0.13	64.95
2049	2346.64	99.53	-5.80	-0.13	64.94
2050	2346.64	99.10	-5.53	0.33	64.93
2051	2346.64	100.47	-5.40	0.33	64.93
2052	2346.64	100.00	-5.80	0.27	64.94
2053	2346.64	101.53	-6.27	0.17	64.94
2054	2346.64	100.00	-6.43	0.20	64.94
2055	2346.64	100.87	-6.10	0.13	64.93
2056	2346.64	99.80	-7.97	0.20	64.93
2057	2346.64	100.60	-8.13	0.23	64.93
2058	2346.64	100.77	-8.47	0.20	64.95
2059	2346.64	100.67	-6.40	0.13	64.95
2060	2346.64	100.87	-6.07	0.10	64.94
2061	2346.64	99.80	-5.93	0.17	64.91
2062	2346.64	99.63	-6.33	0.23	64.91
2063	2346.64	99.83	-5.60	0.17	64.92
2064	2346.64	100.73	-5.83	0.10	64.94
2065	2346.64	101.20	-7.07	0.00	64.95
2066	2346.64	102.20	-7.77	0.17	64.94
2067	2346.64	101.60	-7.17	0.53	64.93
2068	2346.64	101.77	-5.37	0.73	64.92
2069	2346.64	100.57	-5.53	0.67	64.92
2070	2346.64	101.50	-5.87	0.20	64.94
2071	2346.64	102.00	-6.00	0.07	64.93
2072	2346.64	102.00	-5.60	0.17	64.91
2073	2346.64	100.63	-5.30	0.30	64.89
2074	2346.64	100.03	-5.33	0.27	64.91
2075	2346.64	99.97	-5.93	0.13	64.93
2076	2346.64	101.37	-8.17	0.23	64.94
2077	2346.64	101.47	-8.50	0.47	64.93
2078	2346.64	101.23	-8.07	0.77	64.92
2079	2346.64	100.23	-6.57	0.77	64.92
2080	2346.64	99.67	-6.23	0.50	64.94
2081	2346.64	99.57	-6.90	0.43	64.96
2082	2346.64	101.57	-6.57	0.47	64.96
2083	2346.64	101.77	-6.20	0.67	64.94
2084	2346.64	102.13	-5.70	0.50	64.92
2085	2346.64	100.63	-4.87	0.37	64.93
2086	2346.64	100.70	-5.50	-0.13	64.93
2087	2346.64	100.50	-5.70	-0.07	64.94
2088	2346.64	99.77	-5.03	0.03	64.93
2089	2346.64	99.73	-4.50	0.40	64.93
2090	2346.64	100.23	-3.60	0.33	64.92
2091	2346.64	100.90	-5.17	0.33	64.96
2092	2346.64	101.43	-5.50	0.40	64.96
2093	2346.64	101.63	-6.33	0.20	64.96
2094	2346.64	101.60	-6.80	0.17	64.93
2095	2346.64	101.67	-6.20	0.37	64.93
2096	2346.64	101.77	-5.70	0.50	64.93
2097	2346.64	101.07	-5.17	0.43	64.93
2098	2346.64	101.00	-6.17	0.10	64.94
2099	2346.64	100.67	-6.33	0.07	64.92
2100	2346.64	101.07	-6.10	-0.03	64.91
2101	2346.64	100.77	-7.83	0.10	64.91
2102	2346.64	100.83	-8.20	0.23	64.90
2103	2346.64	101.13	-8.63	0.40	64.92
2104	2346.64	101.30	-6.47	0.20	64.92
2105	2346.64	101.00	-6.30	0.13	64.94
2106	2346.64	100.37	-5.70	0.40	64.93
2107	2346.64	99.70	-5.80	0.60	64.93
2108	2346.64	100.13	-5.93	0.53	64.93
2109	2346.64	100.50	-6.27	0.20	64.93
2110	2346.64	100.87	-6.37	0.17	64.94
2111	2346.64	100.40	-6.27	0.30	64.94
2112	2346.64	100.73	-6.07	0.40	64.93
2113	2346.64	100.63	-5.57	0.33	64.90
2114	2346.64	100.57	-5.53	0.37	64.90
2115	2346.64	100.50	-5.67	0.17	64.90
2116	2346.64	101.03	-6.20	-0.03	64.94
2117	2346.64	101.77	-6.40	0.00	64.95
2118	2346.64	102.07	-6.40	0.27	64.95
2119	2346.64	101.17	-5.80	0.53	64.93
2120	2346.64	100.10	-5.30	0.57	64.92
2121	2346.64	99.83	-5.10	0.43	64.93
2122	2346.64	101.20	-5.13	0.23	64.94
2123	2346.64	101.30	-5.73	0.03	64.95
2124	2346.64	101.63	-5.83	0.03	64.95
2125	2346.64	100.50	-6.30	0.23	64.95
2126	2346.64	100.60	-5.80	0.40	64.92
2127	2346.64	99.77	-5.63	0.43	64.92
2128	2346.64	100.23	-5.73	0.33	64.93
2129	2346.64	101.83	-6.13	0.23	64.96
2130	2346.64	101.37	-6.60	0.13	64.96
2131	2346.64	101.67	-5.77	0.20	64.93
2132	2346.64	100.50	-4.93	0.13	64.93
2133	2346.64	101.80	-5.27	0.20	64.93
2134	2346.64	101.53	-5.83	0.13	64.94
2135	2346.64	101.27	-6.40	0.17	64.94
2136	2346.64	100.40	-5.87	0.27	64.94
2137	2346.64	99.87	-4.83	0.30	64.93
2138	2346.64	98.83	-4.43	0.30	64.93
2139	2346.64	99.27	-4.53	0.10	64.93
2140	2346.64	99.40	-5.60	0.13	64.94
2141	2346.64	100.23	-6.13	0.10	64.94
2142	2346.64	99.53	-6.00	0.10	64.93
2143	2346.64	99.83	-6.00	0.07	64.92
2144	2346.64	99.80	-6.00	0.07	64.93
2145	2346.64	100.40	-6.23	0.13	64.94
2146	2346.64	100.17	-6.57	0.00	64.95
2147	2346.64	100.20	-6.30	0.00	64.94
2148	2346.64	99.93	-5.80	0.10	64.93
2149	2346.64	101.03	-5.57	0.30	64.92
2150	2346.64	101.67	-5.77	0.30	64.92
2151	2346.64	103.03	-6.20	0.13	64.93
2152	2346.64	102.47	-6.33	-0.07	64.94
2153	2346.64	102.37	-6.37	0.00	64.96
2154	2346.64	101.43	-4.83	0.20	64.95
2155	2346.64	100.23	-3.70	0.37	64.95
2156	2346.64	99.83	-4.83	0.17	64.93
2157	2346.64	100.50	-4.10	0.03	64.94
2158	2346.64	101.67	-5.17	0.13	64.94
2159	2346.64	101.90	-3.73	0.23	64.93
2160	2346.64	102.17	-5.67	0.17	64.93
2161	2346.64	101.40	-5.57	0.03	64.93
2162	2346.64	101.60	-5.90	0.07	64.93
2163	2346.64	100.53	-6.50	0.13	64.93
2164	2346.64	101.23	-6.43	0.03	64.94
2165	2346.64	101.57	-6.37	-0.03	64.94
2166	2346.64	101.77	-5.77	-0.17	64.94
2167	2346.64	101.87	-5.70	0.00	64.93
2168	2346.64	101.67	-5.00	0.20	64.93
2169	2346.64	101.80	-5.50	0.37	64.93
2170	2346.64	101.50	-6.10	0.23	64.93
2171	2346.64	100.43	-6.73	0.10	64.94
2172	2346.64	100.30	-6.60	0.23	64.94
2173	2346.64	99.83	-5.93	0.33	64.93
2174	2346.64	100.10	-5.67	0.67	64.92
2175	2346.64	99.80	-5.80	0.20	64.91
2176	2346.64	100.07	-6.13	0.13	64.91
2177	2346.64	100.90	-6.87	-0.17	64.92
2178	2346.64	101.77	-6.73	0.07	64.94
2179	2346.64	102.27	-6.57	0.17	64.95
2180	2346.64	101.93	-5.87	0.27	64.95
2181	2346.64	100.90	-5.63	0.43	64.94
2182	2346.64	100.73	-5.47	0.47	64.91
2183	2346.64	100.67	-5.93	0.23	64.90
2184	2346.64	100.53	-6.03	0.17	64.91
2185	2346.64	100.73	-6.40	0.17	64.93
2186	2346.64	100.33	-6.50	0.27	64.94
2187	2346.64	100.60	-6.53	0.23	64.94
2188	2346.64	99.37	-6.47	0.13	64.95
2189	2346.64	99.80	-6.47	0.13	64.94
2190	2346.64	100.13	-6.13	0.17	64.93
2191	2346.64	100.10	-5.83	0.23	64.92
2192	2346.64	100.10	-5.27	0.30	64.93
2193	2346.64	99.47	-5.53	0.10	64.93
2194	2346.64	100.10	-6.03	-0.17	64.94
2195	2346.64	100.47	-6.47	-0.20	64.94
2196	2346.64	100.47	-6.63	-0.23	64.93
2197	2346.64	100.73	-5.83	-0.03	64.93
2198	2346.64	100.70	-5.73	0.00	64.92
2199	2346.64	100.70	-5.50	0.23	64.92
2200	2346.64	100.40	-5.90	0.23	64.91
2201	2346.64	100.60	-5.77	0.20	64.91
2202	2346.64	101.00	-5.33	0.23	64.92
2203	2346.64	101.63	-5.57	0.17	64.93
2204	2346.64	100.53	-6.20	0.13	64.95
2205	2346.64	101.33	-6.60	0.13	64.95
2206	2346.64	100.37	-6.47	0.17	64.95
2207	2346.64	100.97	-5.77	0.23	64.94
2208	2346.64	100.23	-5.63	0.27	64.93
2209	2346.64	100.83	-5.40	0.23	64.92
2210	2346.64	100.60	-6.07	0.10	64.92
2211	2346.64	99.97	-6.07	-0.03	64.93
2212	2346.64	100.47	-6.27	0.07	64.94
2213	2346.64	101.30	-6.00	0.20	64.94
2214	2346.64	101.57	-6.40	0.17	64.94
2215	2346.64	101.07	-6.73	0.13	64.94
2216	2346.64	100.03	-6.77	0.17	64.94
2217	2346.64	99.90	-6.67	0.17	64.94
2218	2346.64	100.83	-6.30	0.30	64.94
2219	2346.64	100.80	-5.70	0.23	64.95
2220	2346.64	101.47	-4.60	0.30	64.95
2221	2346.64	100.67	-4.47	0.17	64.94
2222	2346.64	100.97	-4.40	0.03	64.92
2223	2346.64	99.87	-5.43	0.43	64.93
2224	2346.64	99.00	-5.60	0.40	64.94
2225	2346.64	98.53	-6.13	0.50	64.96
2226	2346.64	98.80	-6.27	0.10	64.96
2227	2346.64	99.37	-6.27	0.17	64.95
2228	2346.64	99.07	-6.07	0.17	64.92
2229	2346.64	99.83	-6.00	0.27	64.92
2230	2346.64	99.30	-5.97	0.17	64.92
2231	2346.64	99.63	-6.10	0.00	64.93
2232	2346.64	99.50	-5.97	-0.20	64.93
2233	2346.64	99.83	-6.17	-0.43	64.95
2234	2346.64	100.60	-6.17	-0.17	64.95
2235	2346.64	101.17	-5.00	0.00	64.94
2236	2346.64	101.10	-4.43	0.37	64.92
2237	2346.64	101.10	-4.43	0.37	64.92
2238	2346.64	100.40	-5.80	-0.07	64.92
2239	2346.64	100.87	-6.27	-0.27	64.93
2240	2346.64	101.33	-6.10	-0.47	64.94
2241	2346.64	100.50	-6.17	-0.03	64.95
2242	2346.64	100.27	-5.83	0.03	64.94
2243	2346.64	99.30	-5.83	0.07	64.93
2244	2346.64	100.00	-5.63	-0.10	64.92
2245	2346.64	100.03	-5.53	-0.10	64.93
2246	2346.64	100.17	-6.37	-0.10	64.94
2247	2346.64	98.60	-6.67	-0.13	64.95
2248	2346.64	98.77	-6.97	-0.17	64.94
2249	2346.64	98.63	-6.30	0.03	64.92
2250	2346.64	100.93	-5.73	0.23	64.91
2251	2346.64	101.00	-5.67	0.50	64.91
2252	2346.64	101.77	-5.53	0.37	64.93
2253	2346.64	100.80	-6.07	0.27	64.94
2254	2346.64	101.37	-6.43	-0.03	64.94
2255	2346.64	100.63	-6.47	0.17	64.95
2256	2346.64	101.33	-6.07	0.30	64.94
2257	2346.64	100.73	-6.37	0.50	64.93
2258	2346.64	100.53	-6.43	0.37	64.91
2259	2346.64	98.93	-6.47	0.30	64.92
2260	2346.64	98.83	-5.33	0.23	64.93
2261	2346.64	100.00	-4.30	0.17	64.94
2262	2346.64	101.27	-4.30	-0.17	64.93
2263	2346.64	102.00	-5.23	-0.03	64.92
2264	2346.64	102.07	-6.07	0.13	64.91
2265	2346.64	102.33	-6.07	0.53	64.91
2266	2346.64	101.13	-6.60	0.33	64.92
2267	2346.64	101.03	-7.20	0.23	64.93
2268	2346.64	100.63	-7.33	0.10	64.94
2269	2346.64	102.17	-6.47	0.23	64.94
2270	2346.64	101.63	-6.00	0.27	64.93
2271	2346.64	101.40	-5.83	0.60	64.93
2272	2346.64	100.33	-6.47	0.40	64.93
2273	2346.64	99.90	-6.77	0.27	64.94
2274	2346.64	100.10	-6.77	-0.10	64.95
2275	2346.64	100.30	-6.03	0.07	64.94
2276	2346.64	100.53	-5.53	0.20	64.92
2277	2346.64	101.07	-5.60	0.20	64.92
2278	2346.64	100.87	-5.47	0.17	64.93
2279	2346.64	101.03	-5.40	0.07	64.95
2280	2346.64	100.93	-5.63	0.23	64.95
2281	2346.64	100.87	-5.40	0.20	64.94
2282	2346.64	100.07	-5.70	0.27	64.93
2283	2346.64	99.50	-5.63	0.13	64.92
2284	2346.64	99.63	-6.20	0.23	64.92
2285	2346.64	100.33	-6.57	0.13	64.93
2286	2346.64	101.17	-6.87	0.20	64.93
2287	2346.64	101.07	-6.57	0.20	64.92
2288	2346.64	100.83	-6.20	0.27	64.91
2289	2346.64	101.23	-5.77	0.53	64.92
2290	2346.64	102.10	-6.17	0.53	64.92
2291	2346.64	102.63	-5.87	0.43	64.93
2292	2346.64	101.40	-5.07	-0.07	64.94
2293	2346.64	101.50	-4.63	-0.10	64.94
2294	2346.64	101.37	-4.60	0.03	64.93
2295	2346.64	101.10	-5.50	-0.13	64.92
2296	2346.64	99.10	-5.60	-0.37	64.92
2297	2346.64	98.53	-4.57	-0.63	64.93
2298	2346.64	99.83	-4.50	-0.27	64.94
2299	2346.64	100.87	-4.70	-0.07	64.95
2300	2346.64	100.70	-5.83	0.20	64.94
2301	2346.64	99.57	-5.83	0.23	64.92
2302	2346.64	98.83	-5.90	0.03	64.92
2303	2346.64	98.57	-6.43	-0.13	64.93
2304	2346.64	98.90	-6.43	-0.20	64.94
2305	2346.64	100.03	-6.20	-0.07	64.94
2306	2346.64	101.27	-5.60	0.13	64.93
2307	2346.64	101.50	-5.67	0.17	64.93
2308	2346.64	101.00	-5.90	0.10	64.93
2309	2346.64	100.53	-6.27	-0.03	64.93
2310	2346.64	100.60	-6.33	-0.07	64.93
2311	2346.64	101.07	-5.87	-0.10	64.93
2312	2346.64	100.37	-5.73	0.00	64.94
2313	2346.64	99.97	-6.23	0.10	64.94
2314	2346.64	99.70	-6.57	0.20	64.95
2315	2346.64	100.83	-6.67	0.07	64.94
2316	2346.64	100.97	-4.73	0.10	64.94
2317	2346.64	100.63	-4.40	0.10	64.93
2318	2346.64	100.17	-4.30	0.13	64.92
2319	2346.64	99.73	-5.40	-0.10	64.92
2320	2346.64	100.80	-6.17	-0.20	64.94
2321	2346.64	100.20	-6.33	-0.27	64.96
2322	2346.64	101.30	-7.20	-0.17	64.96
2323	2346.64	101.37	-6.53	0.03	64.95
2324	2346.64	102.60	-8.60	0.20	64.92
2325	2346.64	103.03	-7.93	0.07	64.94
2326	2346.64	101.90	-9.10	-0.13	64.95
2327	2346.64	102.07	-6.90	-0.53	64.94
2328	2346.64	101.47	-7.40	-0.37	64.93
2329	2346.64	101.77	-6.47	-0.27	64.91
2330	2346.64	100.37	-6.60	0.03	64.92
2331	2346.64	100.20	-5.93	-0.07	64.91
2332	2346.64	100.27	-6.13	-0.07	64.93
2333	2346.64	100.53	-6.43	-0.17	64.94
2334	2346.64	100.07	-6.30	-0.03	64.94
2335	2346.64	99.63	-7.77	-0.07	64.93
2336	2346.64	99.60	-7.70	-0.07	64.93
2337	2346.64	99.17	-8.20	-0.23	64.94
2338	2346.64	100.50	-6.63	-0.13	64.94
2339	2346.64	101.07	-5.97	0.00	64.94
2340	2346.64	101.47	-6.23	0.03	64.93
2341	2346.64	100.03	-6.73	-0.03	64.93
2342	2346.64	99.80	-7.30	-0.07	64.93
2343	2346.64	99.43	-6.80	0.03	64.93
2344	2346.64	100.07	-6.07	0.17	64.93
2345	2346.64	99.77	-5.60	0.20	64.92
2346	2346.64	99.73	-5.57	0.27	64.93
2347	2346.64	99.77	-5.77	0.07	64.93
2348	2346.64	100.47	-6.23	0.03	64.94
2349	2346.64	101.20	-6.40	-0.07	64.94
2350	2346.64	101.83	-6.27	0.10	64.93
2351	2346.64	101.47	-5.97	0.03	64.92
2352	2346.64	102.10	-5.93	-0.10	64.92
2353	2346.64	100.20	-6.30	-0.27	64.93
2354	2346.64	99.87	-6.43	-0.17	64.94
2355	2346.64	99.07	-7.10	0.00	64.94
2356	2346.64	100.13	-6.60	0.10	64.93
2357	2346.64	100.10	-6.63	-0.07	64.92
2358	2346.64	99.90	-6.17	-0.20	64.93
2359	2346.64	99.27	-6.30	-0.27	64.94
2360	2346.64	99.73	-6.13	-0.07	64.94
2361	2346.64	99.60	-6.10	-0.10	64.92
2362	2346.64	100.00	-6.30	-0.10	64.92
2363	2346.64	100.00	-6.50	-0.10	64.92
2364	2346.64	101.07	-6.33	-0.03	64.93
2365	2346.64	101.10	-6.07	-0.07	64.92
2366	2346.64	100.70	-5.67	-0.27	64.91
2367	2346.64	99.53	-4.97	-0.30	64.91
2368	2346.64	100.77	-5.23	-0.13	64.92
2369	2346.64	101.07	-5.73	-0.17	64.93
2370	2346.64	101.07	-6.53	-0.17	64.94
2371	2346.64	100.40	-6.67	-0.30	64.94
2372	2346.64	100.13	-6.07	-0.17	64.93
2373	2346.64	101.27	-5.73	-0.10	64.92
2374	2346.64	100.37	-5.27	-0.27	64.92
2375	2346.64	100.90	-6.03	-0.43	64.93
2376	2346.64	100.93	-6.13	-0.40	64.94
2377	2346.64	101.07	-6.07	-0.27	64.93
2378	2346.64	99.73	-5.63	0.10	64.92
2379	2346.64	99.27	-5.90	0.00	64.92
2380	2346.64	100.27	-6.17	0.00	64.93
2381	2346.64	100.67	-6.27	-0.27	64.93
2382	2346.64	99.47	-6.13	-0.20	64.93
2383	2346.64	97.90	-5.80	-0.23	64.93
2384	2346.64	98.93	-6.07	-0.17	64.92
2385	2346.64	99.67	-6.27	-0.30	64.93
2386	2346.64	100.83	-7.07	-0.17	64.94
2387	2346.64	99.57	-7.67	-0.10	64.94
2388	2346.64	100.17	-7.23	0.03	64.93
2389	2346.64	100.27	-6.47	0.00	64.92
2390	2346.64	100.73	-5.70	-0.17	64.94
2391	2346.64	100.70	-5.33	-0.17	64.95
2392	2346.64	100.30	-6.10	-0.20	64.95
2393	2346.64	101.00	-6.07	0.00	64.93
2394	2346.64	100.23	-6.60	0.37	64.91
2395	2346.64	100.37	-5.13	0.20	64.91
2396	2346.64	100.40	-5.60	0.17	64.92
2397	2346.64	101.60	-7.00	-0.20	64.93
2398	2346.64	101.40	-6.10	0.10	64.93
2399	2346.64	100.97	-5.40	0.03	64.92
2400	2346.64	99.83	-2.13	0.00	64.92
2401	2346.64	100.97	-4.53	-0.10	64.93
2402	2346.64	101.03	-4.90	-0.20	64.95
2403	2346.64	101.17	-6.93	-0.20	64.95
2404	2346.64	101.00	-6.37	-0.10	64.94
2405	2346.64	101.23	-5.67	0.10	64.92
2406	2346.64	102.07	-5.53	0.13	64.91
2407	2346.64	100.77	-6.07	0.07	64.92
2408	2346.64	100.20	-6.30	-0.23	64.94
2409	2346.64	99.43	-6.20	-0.33	64.95
2410	2346.64	99.27	-5.73	-0.50	64.95
2411	2346.64	99.17	-5.47	-0.37	64.93
2412	2346.64	98.87	-6.70	-0.30	64.93
2413	2346.64	99.00	-6.93	-0.07	64.93
2414	2346.64	99.60	-7.67	-0.10	64.93
2415	2346.64	99.63	-6.83	-0.07	64.94
2416	2346.64	100.70	-6.53	-0.27	64.94
2417	2346.64	101.03	-6.00	-0.10	64.93
2418	2346.64	100.67	-5.37	-0.10	64.92
2419	2346.64	100.17	-5.77	-0.07	64.91
2420	2346.64	99.30	-6.47	-0.17	64.92
2421	2346.64	99.80	-6.10	-0.33	64.94
2422	2346.64	99.73	-5.87	-0.47	64.94
2423	2346.64	99.83	-5.43	-0.50	64.94
2424	2346.64	100.30	-5.13	-0.47	64.92
2425	2346.64	99.67	-4.90	-0.40	64.92
2426	2346.64	99.77	-3.83	-0.33	64.92
2427	2346.64	99.13	-4.30	-0.30	64.93
2428	2346.64	99.60	-4.83	-0.20	64.94
2429	2346.64	100.50	-6.03	-0.10	64.94
2430	2346.64	101.90	-6.37	0.03	64.94
2431	2346.64	101.43	-6.13	0.07	64.93
2432	2346.64	100.20	-5.80	-0.13	64.92
2433	2346.64	99.83	-6.03	-0.07	64.92
2434	2346.64	100.23	-6.17	-0.10	64.92
2435	2346.64	99.63	-6.70	-0.17	64.93
2436	2346.64	99.57	-6.63	-0.33	64.95
2437	2346.64	99.63	-6.33	-0.43	64.96
2438	2346.64	100.57	-5.97	-0.03	64.96
2439	2346.64	99.67	-6.03	0.03	64.94
2440	2346.64	99.07	-4.47	0.20	64.93
2441	2346.64	99.77	-4.43	0.07	64.93
2442	2346.64	99.73	-4.10	0.07	64.91
2443	2346.64	100.57	-5.50	0.00	64.91
2444	2346.64	99.57	-4.93	-0.17	64.92
2445	2346.64	100.00	-5.20	-0.20	64.94
2446	2346.64	99.50	-5.87	-0.37	64.94
2447	2346.64	100.03	-6.53	-0.37	64.95
2448	2346.64	100.37	-6.57	-0.47	64.95
2449	2346.64	100.83	-6.23	-0.33	64.95
2450	2346.64	101.40	-6.17	-0.27	64.94
2451	2346.64	101.43	-6.07	0.23	64.94
2452	2346.64	101.43	-5.80	0.43	64.91
2453	2346.64	101.07	-5.70	0.53	64.94
2454	2346.64	100.87	-5.47	0.20	64.93
2455	2346.64	101.07	-5.27	0.07	64.94
2456	2346.64	101.27	-7.10	0.07	64.90
2457	2346.64	101.83	-7.33	0.20	64.90
2458	2346.64	101.17	-7.50	0.10	64.90
2459	2346.64	100.13	-5.83	-0.10	64.91
2460	2346.64	98.33	-5.80	-0.43	64.91
2461	2346.64	98.30	-5.77	-0.27	64.92
2462	2346.64	99.90	-5.80	-0.40	64.93
2463	2346.64	100.83	-6.23	-0.57	64.95
2464	2346.64	101.13	-6.63	-0.80	64.96
2465	2346.64	99.93	-6.83	-0.63	64.96
2466	2346.64	100.03	-6.90	-0.37	64.95
2467	2346.64	100.77	-6.77	-0.30	64.95
2468	2346.64	101.27	-6.70	-0.17	64.94
2469	2346.64	100.83	-6.57	-0.10	64.94
2470	2346.64	99.93	-6.53	-0.27	64.94
2471	2346.64	99.00	-7.47	-0.43	64.94
2472	2346.64	99.03	-7.33	-0.63	64.94
2473	2346.64	99.33	-9.50	-0.47	64.93
2474	2346.64	100.03	-8.13	-0.33	64.93
2475	2346.64	100.90	-8.03	-0.27	64.92
2476	2346.64	100.87	-5.40	-0.27	64.94
2477	2346.64	101.20	-5.67	-0.30	64.92
2478	2346.64	100.83	-5.70	-0.13	64.92
2479	2346.64	101.97	-7.40	0.07	64.90
2480	2346.64	102.37	-7.10	-0.03	64.92
2481	2346.64	102.70	-6.93	-0.23	64.92
2482	2346.64	101.00	-5.80	-0.57	64.91
2483	2346.64	99.97	-6.20	-0.50	64.92
2484	2346.64	99.77	-6.63	-0.27	64.91
2485	2346.64	100.20	-6.73	-0.20	64.93
2486	2346.64	100.33	-6.83	-0.20	64.93
2487	2346.64	100.37	-7.00	-0.17	64.95
2488	2346.64	100.93	-7.07	-0.03	64.94
2489	2346.64	100.50	-6.90	-0.07	64.93
2490	2346.64	100.70	-6.33	0.20	64.92
2491	2346.64	100.53	-5.87	0.10	64.91
2492	2346.64	101.07	-5.63	0.20	64.91
2493	2346.64	101.17	-5.43	-0.23	64.91
2494	2346.64	100.57	-5.77	-0.07	64.92
2495	2346.64	100.57	-5.77	-0.07	64.92
