time (s)	cumulative shear displacment (cm)	total normal stress (kPa)	shear stress (kPa)	pore-water pressure (kPa)	specimen thickness (mm)
904.9	49.67	402.56	-4.61	3.48	60.17
905	49.68	402.16	-2.62	3.48	60.15
905.1	49.66	401.57	-3.62	3.56	60.17
905.2	49.68	394.80	-2.82	3.61	60.36
905.3	49.68	403.86	-3.82	3.84	60.15
905.4	49.68	399.28	-2.82	4.15	60.10
905.5	49.68	404.85	-4.22	4.00	60.14
905.6	49.68	401.37	-4.61	4.15	60.16
905.7	49.67	404.15	-3.62	4.02	60.17
905.8	49.67	403.16	-4.22	4.18	60.17
905.9	49.67	401.96	-4.22	4.56	60.15
906	49.67	403.95	-4.02	4.38	60.18
906.1	49.67	398.98	-1.42	4.41	60.16
906.2	49.67	402.76	-4.81	4.33	60.17
906.3	49.67	399.78	-3.62	4.64	60.17
906.4	49.68	403.76	-4.41	4.77	60.18
906.5	49.67	398.58	-3.42	4.67	60.17
906.6	49.67	400.17	-3.02	4.59	60.17
906.7	49.67	400.67	-3.62	4.90	60.27
906.8	49.67	398.78	-3.02	4.98	60.17
906.9	49.68	401.57	-3.82	5.13	60.18
907	49.67	401.27	-7.21	5.05	60.18
907.1	49.67	400.57	-3.22	5.10	60.15
907.2	49.67	401.47	-3.02	5.36	60.16
907.3	49.67	399.18	-2.82	5.34	60.16
907.4	49.67	398.78	-3.22	5.36	60.15
907.5	49.67	400.67	-3.82	5.41	60.17
907.6	49.67	401.37	-3.02	5.54	60.16
907.7	49.67	397.49	-5.41	5.65	60.17
907.8	49.67	398.08	-3.62	5.67	60.17
907.9	49.67	399.78	-3.22	5.67	60.17
908	49.67	402.36	-3.62	5.93	60.16
908.1	49.67	398.58	-2.02	6.06	60.17
908.2	49.67	401.96	-3.02	5.88	60.18
908.3	49.67	400.87	-2.62	6.08	60.17
908.4	49.67	398.18	-12.19	6.37	60.17
908.5	49.67	404.05	-4.22	6.16	60.17
908.6	49.67	399.18	-2.82	6.24	60.15
908.7	49.67	402.16	-3.82	6.60	60.17
908.8	49.67	399.28	-3.02	6.52	60.17
908.9	49.67	398.78	-3.82	6.37	60.17
909	49.67	399.78	-2.22	6.50	60.18
909.1	49.67	399.68	0.17	6.73	60.17
909.2	49.67	402.56	-2.62	6.73	60.18
909.3	49.67	400.97	-3.02	6.88	60.16
909.4	49.67	401.17	-3.82	8.04	60.17
909.5	49.67	398.78	-4.41	6.83	60.15
909.6	49.67	400.07	-3.82	7.01	60.16
909.7	49.67	400.17	-3.42	7.04	60.17
909.8	49.67	400.37	-4.22	7.01	60.17
909.9	49.67	399.68	-1.82	7.22	60.00
910	49.67	402.26	-5.21	7.14	60.18
910.1	49.67	397.39	-2.42	7.27	60.16
910.2	49.67	399.68	14.32	7.24	60.17
910.3	49.67	398.18	-2.42	7.50	60.20
910.4	49.67	401.77	-3.82	7.50	60.17
910.5	49.67	397.59	-1.62	7.55	60.16
910.6	49.67	400.47	0.57	7.71	60.17
910.7	49.67	399.88	-3.22	7.68	60.17
910.8	49.67	399.88	-3.22	7.78	60.17
910.9	49.67	399.97	-3.62	6.52	60.17
911	49.67	398.18	-1.82	8.04	60.16
911.1	49.67	401.17	-3.22	7.99	60.15
911.2	49.67	398.88	-3.82	7.96	60.16
911.3	49.67	399.18	-2.42	8.38	60.16
911.4	49.67	400.17	-2.22	8.04	60.30
911.5	49.67	402.36	-4.41	8.25	60.17
911.6	49.67	400.67	-2.82	8.33	60.16
911.7	49.67	403.95	-2.02	8.45	60.17
911.8	49.67	401.77	-3.42	8.40	60.19
911.9	49.67	401.96	-2.82	8.58	60.16
912	49.67	401.57	-3.42	8.51	60.15
912.1	49.67	398.38	-3.62	8.79	60.15
912.2	49.67	395.10	-2.62	8.82	60.16
912.3	49.67	399.08	-3.22	8.74	60.17
912.4	49.67	403.06	-4.02	8.04	60.16
912.5	49.67	399.97	-2.82	8.92	60.17
912.6	49.67	400.77	-5.41	8.87	60.17
912.7	49.67	398.98	-2.82	8.87	60.15
912.8	49.67	403.95	-4.61	10.36	60.17
912.9	49.67	398.68	-2.22	9.28	60.15
913	49.67	403.95	-3.82	9.15	60.16
913.1	49.67	400.87	-3.62	9.25	60.17
913.2	49.67	401.67	-3.42	9.36	60.16
913.3	49.67	399.78	-3.42	9.31	60.17
913.4	49.67	400.97	-3.02	9.51	60.15
913.5	49.67	399.48	-2.22	9.41	60.16
913.6	49.67	399.68	-3.02	9.67	60.15
913.7	49.67	400.07	-1.82	9.64	60.10
913.8	49.66	401.27	-4.02	9.69	60.17
913.9	49.68	397.09	-4.02	9.54	60.35
914	49.68	400.67	-3.22	9.92	60.12
914.1	49.68	401.87	-3.02	9.79	60.35
914.2	49.67	401.27	-3.02	9.92	60.14
914.3	49.67	402.76	-4.02	10.00	60.17
914.4	49.67	398.98	-1.82	10.23	60.16
914.5	49.67	404.65	-3.82	10.03	60.12
914.6	49.67	398.88	-2.62	10.16	60.15
914.7	49.67	402.16	-3.22	10.13	60.15
914.8	49.67	400.07	15.32	10.21	60.17
914.9	49.67	404.65	-3.82	10.52	60.06
915	49.67	401.07	-3.22	10.28	60.16
915.1	49.67	402.66	-3.42	10.54	60.15
915.2	49.67	399.18	-3.02	10.62	60.16
915.3	49.67	399.97	-3.42	10.54	60.16
915.4	49.67	398.38	-3.22	10.80	60.17
915.5	49.67	401.87	-3.02	10.72	60.16
915.6	49.67	400.07	4.16	10.65	60.17
915.7	49.67	398.58	-1.42	10.88	60.14
915.8	49.67	402.06	-2.82	10.80	60.17
915.9	49.67	396.89	-1.42	11.63	60.16
916	49.67	401.47	-3.62	10.90	60.16
916.1	49.67	394.80	-3.22	11.06	60.16
916.2	49.67	400.97	-3.42	11.16	60.15
916.3	49.67	398.48	-2.62	11.08	60.16
916.4	49.67	402.86	-3.02	11.26	60.16
916.5	49.67	400.07	-3.42	11.08	60.17
916.6	49.67	404.35	-4.81	11.24	60.17
916.7	49.67	400.77	-3.22	11.21	60.17
916.8	49.67	402.56	-3.62	11.42	60.17
916.9	49.67	397.89	-2.82	11.44	60.18
917	49.67	401.96	-3.22	11.50	60.16
917.1	49.67	396.99	-2.22	11.26	60.17
917.2	49.67	402.16	-3.02	11.57	60.15
917.3	49.67	398.68	-2.02	11.68	60.16
917.4	49.67	401.67	-3.42	11.65	60.15
917.5	49.67	402.26	-3.82	11.60	60.17
917.6	49.67	400.47	-3.82	12.06	60.15
917.7	49.67	401.37	-4.22	11.75	60.17
917.8	49.67	398.98	-3.02	12.04	60.17
917.9	49.67	403.46	-3.62	12.35	60.16
918	49.67	398.38	-1.82	11.99	60.13
918.1	49.67	401.47	-2.82	12.17	60.15
918.2	49.67	398.08	-1.23	12.22	60.14
918.3	49.67	401.57	-3.22	12.19	60.17
918.4	49.67	399.97	-1.62	12.32	60.07
918.5	49.67	401.77	-3.42	12.24	60.16
918.6	49.67	398.78	-2.22	12.66	60.14
918.7	49.67	401.47	-3.22	12.40	60.16
918.8	49.67	401.27	-3.42	12.42	60.14
918.9	49.67	404.35	-4.22	12.66	60.16
919	49.67	400.47	-3.62	12.55	60.17
919.1	49.67	401.27	-0.03	12.68	60.15
919.2	49.67	399.88	-2.62	12.78	60.17
919.3	49.67	403.56	-3.02	12.78	60.16
919.4	49.67	399.88	-3.82	12.71	60.15
919.5	49.67	400.07	-20.56	12.94	60.16
919.6	49.67	399.28	-3.62	12.81	60.17
919.7	49.67	400.17	-3.42	13.04	60.15
919.8	49.67	402.76	-3.42	12.97	60.17
919.9	49.67	398.18	1.37	12.97	60.17
920	49.67	399.97	-3.02	13.17	60.17
920.1	49.67	396.59	-1.82	13.20	60.16
920.2	49.67	400.37	-3.42	13.20	60.16
920.3	49.67	399.78	-18.77	13.25	60.16
920.4	49.67	400.97	-2.42	13.35	60.16
920.5	49.67	400.27	-3.02	13.25	60.15
920.6	49.67	402.16	-3.22	13.46	60.14
920.7	49.67	400.17	-0.83	13.46	60.15
920.8	49.67	401.67	-4.02	13.30	60.17
920.9	49.67	398.38	-1.62	13.56	60.16
921	49.67	399.28	-2.42	13.74	60.15
921.1	49.67	403.26	5.35	13.61	60.14
921.2	49.67	411.12	-3.02	13.61	60.17
921.3	49.67	400.57	-2.82	13.79	60.16
921.4	49.67	400.47	-3.62	13.69	60.15
921.5	49.67	398.38	-1.82	13.84	60.15
921.6	49.67	405.55	-2.42	13.84	60.17
921.7	49.67	400.27	-2.82	14.02	60.17
921.8	49.67	400.87	-3.42	13.84	60.16
921.9	49.67	400.07	-3.02	14.10	60.16
922	49.67	399.18	-3.22	14.18	60.16
922.1	49.67	400.37	-4.02	14.02	60.16
922.2	49.67	398.18	-2.22	14.05	60.17
922.3	49.67	402.06	-15.38	14.36	60.16
922.4	49.67	403.26	-2.62	14.18	60.16
922.5	49.66	403.26	-3.42	14.28	60.17
922.6	49.67	393.01	-3.42	14.31	60.33
922.7	49.68	402.76	-2.82	14.72	60.10
922.8	49.68	400.07	-2.82	14.43	60.10
922.9	49.67	403.56	-3.22	14.56	60.14
923	49.67	398.58	-2.82	14.46	60.16
923.1	49.67	400.87	-7.01	14.64	60.16
923.2	49.67	399.58	-2.02	14.59	60.01
923.3	49.67	401.87	-2.62	14.67	60.16
923.4	49.67	397.69	-1.82	14.85	60.15
923.5	49.67	399.97	-2.82	14.64	60.15
923.6	49.67	400.17	-3.42	14.69	60.14
923.7	49.67	401.17	-3.22	14.95	60.15
923.8	49.67	400.67	-3.62	14.92	60.16
923.9	49.67	401.96	-3.02	14.85	60.15
924	49.67	402.06	-4.61	14.92	60.08
924.1	49.67	399.58	-2.22	15.10	60.15
924.2	49.68	401.67	-4.02	14.95	60.15
924.3	49.67	399.48	-2.62	15.18	60.15
924.4	49.67	400.77	-3.82	15.31	60.18
924.5	49.67	398.48	-3.02	15.16	60.15
924.6	49.67	401.07	-3.22	15.26	60.15
924.7	49.67	396.00	17.91	15.39	60.15
924.8	49.67	400.77	-3.62	15.29	60.09
924.9	49.67	399.97	-1.62	15.34	60.14
925	49.67	401.47	-5.01	15.34	60.17
925.1	49.67	399.58	-2.62	15.31	60.16
925.2	49.67	401.96	-3.82	15.59	60.14
925.3	49.67	397.89	-2.22	15.54	60.16
925.4	49.67	402.66	-4.22	15.65	60.16
925.5	49.67	400.37	13.72	15.57	60.15
925.6	49.67	403.56	-4.22	15.67	60.19
925.7	49.67	399.18	-3.22	15.59	60.16
925.8	49.67	402.56	-4.22	15.72	60.16
925.9	49.67	401.37	-3.62	15.98	60.15
926	49.67	400.57	-3.62	15.72	60.17
926.1	49.67	401.96	-2.62	15.83	60.16
926.2	49.67	401.87	-3.02	15.85	60.16
926.3	49.67	401.17	-2.62	16.03	60.16
926.4	49.67	397.69	-2.02	15.98	60.16
926.5	49.67	400.27	-2.82	16.11	60.16
926.6	49.67	399.18	-2.82	15.57	60.15
926.7	49.67	402.36	-4.22	16.14	60.16
926.8	49.67	398.78	-3.42	16.03	60.17
926.9	49.67	402.16	-3.42	16.19	60.16
927	49.67	397.49	-2.22	15.98	60.16
927.1	49.67	399.18	-3.62	16.21	60.16
927.2	49.67	399.08	-3.42	16.16	60.16
927.3	49.67	402.66	-3.82	16.29	60.17
927.4	49.67	398.58	-2.62	16.39	60.16
927.5	49.67	399.18	-3.82	16.29	60.35
927.6	49.67	399.58	-4.02	16.29	60.17
927.7	49.67	400.07	-2.02	16.47	60.17
927.8	49.67	400.47	-4.61	16.42	60.17
927.9	49.67	398.68	-4.22	16.52	60.18
928	49.67	400.67	-4.81	16.50	60.17
928.1	49.67	398.88	-3.62	16.50	60.17
928.2	49.67	401.27	-3.22	16.52	60.17
928.3	49.67	395.40	-3.02	16.65	60.17
928.4	49.67	402.26	-5.21	16.47	60.17
928.5	49.67	398.98	-3.62	16.78	60.18
928.6	49.67	402.26	-4.61	16.68	60.18
928.7	49.67	401.07	-4.81	16.75	60.17
928.8	49.67	402.26	-5.41	16.81	60.18
928.9	49.67	399.48	-3.22	16.91	60.17
929	49.67	399.58	-5.21	16.86	60.17
929.1	49.67	399.97	-4.22	16.91	60.17
929.2	49.67	399.88	-4.02	17.04	60.18
929.3	49.67	401.77	-5.81	16.99	60.18
929.4	49.67	400.17	-4.22	17.04	60.18
929.5	49.67	405.15	-5.81	17.17	60.18
929.6	49.67	400.17	-4.61	17.50	60.19
929.7	49.67	402.16	-4.61	17.27	60.17
929.8	49.67	398.18	-3.42	17.06	60.19
929.9	49.67	400.47	-3.42	17.22	60.18
930	49.67	401.17	-3.62	17.24	60.18
930.1	49.67	401.27	-4.02	17.27	60.10
930.2	49.67	399.97	-4.61	17.37	60.18
930.3	49.67	400.97	-3.82	17.37	60.17
930.4	49.67	400.27	-0.63	17.53	60.17
930.5	49.67	400.97	-3.42	17.45	60.19
930.6	49.67	401.17	-4.61	17.50	60.18
930.7	49.67	400.97	-3.62	18.43	60.17
930.8	49.67	402.26	-4.22	17.60	60.18
930.9	49.67	396.69	-3.42	17.68	60.18
931	49.67	405.65	-4.61	17.79	60.17
931.1	49.67	395.50	-2.82	17.84	60.17
931.2	49.66	401.67	-3.22	17.76	60.17
931.3	49.67	396.19	-3.82	17.60	60.34
931.4	49.68	402.56	-3.42	17.99	60.13
931.5	49.67	402.46	-4.02	17.81	60.14
931.6	49.67	401.27	-4.22	18.04	60.16
931.7	49.67	400.17	-3.82	17.86	60.16
931.8	49.67	399.28	-3.22	18.04	60.19
931.9	49.67	401.67	-4.22	18.07	60.17
932	49.67	398.58	-3.82	18.04	60.13
932.1	49.67	401.27	-3.62	18.02	60.16
932.2	49.67	397.79	-3.02	18.25	60.17
932.3	49.67	403.46	-1.42	17.97	60.17
932.4	49.67	397.69	-3.22	18.33	60.16
932.5	49.67	403.26	-3.62	18.25	60.16
932.6	49.67	400.67	-3.42	18.48	60.17
932.7	49.67	401.87	-3.62	18.30	60.17
932.8	49.67	400.97	-3.42	18.27	60.17
932.9	49.67	401.57	-3.42	18.40	60.15
933	49.67	401.17	-2.62	18.66	60.16
933.1	49.67	398.08	-1.62	18.46	60.15
933.2	49.67	400.77	-4.02	18.64	60.16
933.3	49.67	400.77	-2.62	18.56	60.16
933.4	49.67	401.77	-3.62	18.74	60.16
933.5	49.67	397.89	-3.22	18.66	60.12
933.6	49.67	401.47	-2.62	18.82	60.17
933.7	49.67	400.77	-2.42	18.71	60.16
933.8	49.67	402.46	-3.42	18.76	60.16
933.9	49.67	394.60	-1.62	18.79	60.18
934	49.67	402.66	-3.42	19.00	60.15
934.1	49.67	401.37	-3.02	18.82	60.15
934.2	49.67	401.07	-1.03	19.07	60.14
934.3	49.67	389.73	-2.62	19.00	60.15
934.4	49.67	397.89	-1.62	19.02	60.16
934.5	49.67	400.07	-1.03	19.00	60.13
934.6	49.67	400.77	-3.02	19.00	60.16
934.7	49.67	403.66	-1.82	19.31	60.13
934.8	49.67	402.16	-2.02	19.23	60.15
934.9	49.67	398.28	-1.23	19.33	60.14
935	49.67	406.74	-0.83	19.62	60.09
935.1	49.67	401.17	-0.63	19.31	60.13
935.2	49.67	401.17	-1.03	19.54	60.13
935.3	49.67	401.47	-4.22	19.46	60.13
935.4	49.67	403.56	-1.42	19.46	60.13
935.5	49.67	398.48	-0.43	19.62	60.13
935.6	49.67	400.57	-1.62	18.87	60.12
935.7	49.67	401.47	-0.23	19.74	60.11
935.8	49.67	402.06	-1.03	19.54	60.14
935.9	49.67	395.70	1.37	19.67	60.11
936	49.67	403.95	-1.62	19.54	60.13
936.1	49.67	397.69	-0.03	19.82	60.10
936.2	49.67	400.47	-1.03	19.64	60.12
936.3	49.67	399.08	-0.83	19.67	60.14
936.4	49.67	399.58	-15.78	19.82	60.12
936.5	49.67	402.46	-1.03	19.74	60.16
936.6	49.67	401.67	-2.62	19.85	60.14
936.7	49.67	398.78	-1.62	20.90	60.16
936.8	49.67	401.37	-1.42	19.85	60.15
936.9	49.67	401.47	-1.82	19.92	60.13
937	49.67	400.27	-0.43	19.98	60.13
937.1	49.67	404.15	-1.82	20.00	60.15
937.2	49.67	396.39	-0.03	19.90	60.01
937.3	49.67	402.76	-1.23	20.10	60.14
937.4	49.67	399.18	-0.43	20.00	60.13
937.5	49.67	402.56	-1.62	20.03	60.14
937.6	49.67	401.37	-0.43	20.03	60.10
937.7	49.67	402.26	-1.23	20.03	60.14
937.8	49.67	397.79	-1.23	20.10	60.15
937.9	49.67	403.16	14.52	20.05	60.13
938	49.67	396.69	-1.62	20.10	60.14
938.1	49.67	399.78	-0.63	20.18	60.13
938.2	49.67	401.96	-1.03	20.16	60.13
938.3	49.67	400.37	-1.82	20.08	60.15
938.4	49.67	399.18	-1.03	20.36	60.13
938.5	49.67	399.68	-1.82	20.10	60.14
938.6	49.67	400.87	-1.42	20.21	60.15
938.7	49.67	399.48	-1.03	20.41	60.14
938.8	49.67	403.46	-3.02	20.23	60.14
938.9	49.67	399.97	-0.63	20.47	60.14
939	49.67	403.06	-2.02	20.54	60.13
939.1	49.67	401.87	-2.02	20.31	60.10
939.2	49.67	401.27	-2.02	20.54	60.14
939.3	49.67	400.77	-1.03	20.29	60.14
939.4	49.67	403.46	-2.82	20.52	60.14
939.5	49.67	399.97	-1.62	20.59	60.12
939.6	49.67	400.47	-0.83	20.54	60.14
939.7	49.67	402.26	-2.22	21.26	60.14
939.8	49.67	398.28	-1.82	20.67	60.14
939.9	49.66	404.75	-1.82	20.67	60.13
940	49.67	395.00	-0.83	20.49	60.27
940.1	49.67	404.65	-2.22	21.16	60.09
940.2	49.67	399.18	-0.43	20.85	60.18
940.3	49.67	403.66	-3.02	20.72	60.12
940.4	49.67	399.58	-1.62	20.65	60.14
940.5	49.67	401.87	-1.82	20.90	60.14
940.6	49.67	402.26	-0.83	20.83	60.05
940.7	49.67	399.18	-1.82	20.75	60.16
940.8	49.67	402.26	-2.22	20.78	60.16
940.9	49.67	401.57	23.69	20.90	60.15
941	49.67	389.03	-2.42	20.70	60.15
941.1	49.67	401.27	-1.62	20.98	60.16
941.2	49.67	401.37	-3.02	20.96	60.14
941.3	49.67	398.28	-2.22	20.85	60.16
941.4	49.67	406.64	-3.02	20.93	60.15
941.5	49.67	395.70	-1.23	20.83	60.15
941.6	49.67	404.85	-3.22	21.21	60.14
941.7	49.67	397.79	-2.22	20.90	60.16
941.8	49.67	403.36	-3.02	20.98	60.16
941.9	49.67	399.28	-2.02	20.98	60.16
942	49.67	400.37	-2.82	21.03	60.16
942.1	49.67	401.07	-1.82	21.01	60.13
942.2	49.67	401.27	-2.22	20.98	60.16
942.3	49.67	401.67	-3.22	21.26	60.15
942.4	49.67	399.28	-0.03	21.11	60.16
942.5	49.67	402.96	-3.62	21.21	60.18
942.6	49.67	398.28	-1.42	21.16	60.16
942.7	49.67	404.35	-2.62	20.96	60.15
942.8	49.67	399.48	-2.22	21.16	60.17
942.9	49.67	402.76	-4.02	21.29	60.16
943	49.67	399.08	-1.62	21.11	60.16
943.1	49.67	404.05	-3.02	21.57	60.15
943.2	49.67	398.28	-2.62	21.21	60.30
943.3	49.67	400.97	-2.22	21.37	60.15
943.4	49.67	401.47	-3.02	21.39	60.15
943.5	49.67	399.78	-2.62	21.39	60.16
943.6	49.67	402.36	-2.62	21.55	60.20
943.7	49.67	397.79	-2.02	21.37	60.17
943.8	49.67	401.96	-3.62	21.42	60.17
943.9	49.67	397.89	-0.83	21.45	60.16
944	49.67	401.07	-3.62	21.60	60.17
944.1	49.67	397.49	-1.23	21.50	60.16
944.2	49.67	404.55	-3.82	21.57	60.17
944.3	49.67	396.59	0.97	21.57	60.16
944.4	49.67	404.45	-3.42	21.57	60.16
944.5	49.67	400.27	-2.82	21.57	60.16
944.6	49.67	405.65	-4.02	21.26	60.17
944.7	49.67	399.48	-1.82	21.63	60.16
944.8	49.67	401.96	-3.62	21.68	60.17
944.9	49.67	402.26	-3.22	21.70	60.16
945	49.67	398.48	-2.82	22.12	60.15
945.1	49.67	402.26	-3.82	21.63	60.13
945.2	49.67	399.08	-2.02	21.83	60.17
945.3	49.67	403.26	-3.82	21.68	60.16
945.4	49.67	398.58	-1.82	21.96	60.16
945.5	49.67	405.35	-3.42	21.83	60.23
945.6	49.67	395.40	-2.22	21.81	60.17
945.7	49.66	405.85	-3.22	21.91	60.15
945.8	49.67	398.88	-3.02	21.81	60.17
945.9	49.67	403.36	-4.02	21.88	60.15
946	49.67	399.88	-2.02	21.99	60.15
946.1	49.67	400.87	-3.42	21.94	60.17
946.2	49.67	399.08	-0.43	21.96	60.15
946.3	49.67	411.02	-3.02	21.99	60.17
946.4	49.67	401.47	-2.42	22.12	60.15
946.5	49.67	398.98	-2.22	21.73	60.16
946.6	49.67	401.57	-2.02	22.14	60.14
946.7	49.67	399.48	-2.22	21.99	60.16
946.8	49.67	402.56	-3.42	22.12	60.16
946.9	49.67	397.89	-2.22	22.09	60.17
947	49.67	402.66	-3.42	22.24	60.05
947.1	49.67	399.58	-2.62	22.12	60.17
947.2	49.67	403.26	-3.22	22.17	60.15
947.3	49.67	400.47	11.33	22.30	60.15
947.4	49.67	403.66	-3.22	22.24	60.12
947.5	49.67	399.58	-2.82	22.30	60.17
947.6	49.67	401.07	-2.22	22.42	60.15
947.7	49.67	400.67	-3.42	22.37	60.16
947.8	49.67	398.78	-2.02	22.14	60.17
947.9	49.67	404.65	-3.82	22.42	60.16
948	49.67	398.58	-2.82	20.85	60.15
948.1	49.67	403.16	-4.22	22.42	60.16
948.2	49.67	398.58	-1.82	22.45	60.17
948.3	49.67	402.96	-3.42	22.45	60.16
948.4	49.67	398.58	-2.42	22.30	60.17
948.5	49.67	402.46	-3.42	22.61	60.16
948.6	49.66	400.77	-0.63	22.58	60.16
948.7	49.67	398.28	-2.82	22.50	60.28
948.8	49.67	403.66	-1.62	22.53	60.11
948.9	49.67	401.96	-2.82	22.66	60.10
949	49.67	401.87	-1.62	22.58	60.14
949.1	49.67	402.56	-2.62	22.79	60.14
949.2	49.67	401.87	-6.61	22.63	60.16
949.3	49.67	402.26	-2.42	22.81	60.14
949.4	49.67	401.77	-2.82	22.63	60.14
949.5	49.67	399.38	-1.82	24.13	60.15
949.6	49.67	402.06	-3.62	22.66	60.15
949.7	49.67	401.07	-1.82	22.86	60.16
949.8	49.67	401.57	-3.42	22.63	60.17
949.9	49.67	396.99	-0.63	23.38	60.15
950	49.67	400.17	-2.42	22.86	60.15
950.1	49.67	400.87	-1.82	22.89	60.16
950.2	49.67	402.46	-3.22	22.84	60.16
950.3	49.67	399.97	-2.22	22.97	60.15
950.4	49.67	401.77	-2.22	22.91	60.39
950.5	49.67	400.77	-1.23	23.02	60.15
950.6	49.67	401.57	-2.02	22.99	60.15
950.7	49.67	401.67	-2.22	22.89	60.16
950.8	49.67	392.41	-1.82	23.02	60.15
950.9	49.67	400.87	-2.02	23.15	60.14
951	49.67	400.87	-2.22	22.97	60.17
951.1	49.67	404.55	-1.82	23.07	60.15
951.2	49.67	403.06	-1.23	23.15	60.14
951.3	49.67	403.66	-2.22	23.12	60.16
951.4	49.67	400.67	-1.03	23.25	60.14
951.5	49.67	405.35	22.69	23.15	60.16
951.6	49.67	402.96	-1.23	23.20	60.13
951.7	49.67	401.87	-3.02	23.15	60.16
951.8	49.67	399.68	-2.22	23.09	60.17
951.9	49.67	400.37	-2.22	23.33	60.15
952	49.67	404.55	-2.62	23.15	60.17
952.1	49.67	403.06	-2.22	23.33	60.16
952.2	49.67	401.57	-2.42	22.81	60.15
952.3	49.67	399.78	-1.62	23.28	60.15
952.4	49.67	402.96	-2.82	23.28	60.15
952.5	49.67	400.77	-2.22	23.33	60.16
952.6	49.67	403.86	-3.82	23.33	60.17
952.7	49.67	399.88	-0.43	23.35	60.14
952.8	49.67	400.97	-2.82	23.38	60.16
952.9	49.67	396.59	-1.62	23.33	60.16
953	49.67	403.26	-2.22	23.38	60.16
953.1	49.67	400.27	-1.03	23.56	60.15
953.2	49.67	402.66	-2.82	23.35	60.15
953.3	49.66	400.27	-1.42	23.66	60.15
953.4	49.67	400.37	-1.42	23.33	60.15
953.5	49.67	397.39	-1.03	23.48	60.16
953.6	49.67	401.37	-0.83	23.61	60.14
953.7	49.67	400.37	-1.23	23.53	60.13
953.8	49.67	401.96	-15.78	23.64	60.14
953.9	49.67	406.14	-3.22	23.64	60.13
954	49.67	399.78	-1.23	23.69	60.14
954.1	49.67	402.16	-1.82	23.58	60.14
954.2	49.67	398.48	-16.97	23.77	60.13
954.3	49.67	405.15	-3.42	23.61	60.14
954.4	49.67	397.99	-0.63	23.64	60.14
954.5	49.67	404.15	-2.22	23.25	60.14
954.6	49.67	398.48	-1.03	23.87	60.15
954.7	49.67	402.56	-1.62	23.61	60.14
954.8	49.67	401.27	-1.62	23.77	60.14
954.9	49.67	401.27	-1.03	23.74	60.15
955	49.67	401.87	-1.23	23.87	60.13
955.1	49.67	402.06	-0.43	23.84	60.15
955.2	49.67	402.06	-1.42	23.82	60.15
955.3	49.67	400.77	-0.43	23.95	60.13
955.4	49.67	403.16	-1.82	23.84	60.20
955.5	49.67	399.58	-0.03	23.87	60.13
955.6	49.67	405.15	-1.23	24.18	60.14
955.7	49.67	398.48	-3.42	23.89	60.14
955.8	49.67	404.75	-1.62	24.02	60.15
955.9	49.67	398.58	1.37	24.05	60.13
956	49.67	404.15	-1.23	24.92	60.14
956.1	49.67	396.89	-2.42	24.00	60.13
956.2	49.67	403.56	-0.43	24.20	60.12
956.3	49.67	398.28	0.57	24.15	60.15
956.4	49.67	403.06	-0.23	24.56	60.13
956.5	49.67	399.78	0.97	24.25	60.06
956.6	49.67	403.36	-1.03	24.13	60.13
956.7	49.67	400.17	0.37	24.20	60.12
956.8	49.67	402.06	-0.23	24.07	60.11
956.9	49.67	401.87	-0.23	24.23	60.04
957	49.67	398.18	0.17	24.10	60.13
957.1	49.67	402.46	-0.03	24.20	60.12
957.2	49.67	400.17	18.31	24.18	60.13
957.3	49.66	407.44	-0.63	24.20	60.11
957.4	49.67	396.89	0.97	24.18	60.23
957.5	49.67	402.96	-0.23	22.71	60.08
957.6	49.67	403.56	-0.03	24.46	60.09
957.7	49.67	403.95	-0.03	24.33	60.10
957.8	49.67	400.47	-0.03	24.38	60.13
957.9	49.67	399.58	0.57	24.31	60.12
958	49.67	401.47	0.17	24.49	60.13
958.1	49.67	396.89	1.17	24.38	60.11
958.2	49.68	404.85	-1.23	24.38	60.13
958.3	49.67	396.59	0.77	24.23	60.13
958.4	49.67	405.85	-1.03	24.38	60.09
958.5	49.67	397.69	0.97	24.38	60.14
958.6	49.67	402.46	-1.03	24.36	60.12
958.7	49.67	400.47	0.57	24.56	60.12
958.8	49.67	396.99	-1.23	24.41	60.13
958.9	49.67	399.88	1.17	24.46	60.11
959	49.67	403.76	-0.83	24.87	60.12
959.1	49.67	398.78	0.17	24.62	60.13
959.2	49.67	401.96	-0.03	24.62	60.11
959.3	49.67	398.78	-0.03	24.51	60.11
959.4	49.67	400.47	-0.03	24.05	60.13
959.5	49.67	401.17	-0.43	24.67	60.00
959.6	49.67	400.97	-0.03	24.46	60.14
959.7	49.67	403.46	-0.83	24.67	60.13
959.8	49.67	402.16	16.12	24.54	60.13
959.9	49.67	402.16	-0.43	24.51	60.10
960	49.67	400.27	0.37	24.62	60.12
960.1	49.67	401.47	0.57	24.72	60.12
960.2	49.67	398.18	-2.42	24.64	60.13
960.3	49.67	397.79	-0.43	24.59	60.14
960.4	49.67	401.17	0.97	24.80	60.13
960.5	49.67	400.77	-1.03	23.28	60.13
960.6	49.67	400.17	-0.03	24.82	60.12
960.7	49.67	397.99	-0.23	24.51	60.12
960.8	49.67	402.46	-1.23	24.64	60.14
960.9	49.67	398.78	1.57	24.62	60.12
961	49.67	402.06	-0.63	24.69	60.13
961.1	49.67	398.08	0.57	24.59	60.14
961.2	49.67	402.86	-0.63	24.74	60.12
961.3	49.67	403.16	-0.03	24.82	60.11
961.4	49.67	403.86	-0.63	24.67	60.13
961.5	49.67	400.87	0.97	24.87	60.11
961.6	49.67	403.06	-0.43	24.56	60.13
961.7	49.67	399.97	0.77	24.82	60.13
961.8	49.67	394.80	-0.23	24.77	60.13
961.9	49.67	402.46	-0.43	25.00	60.12
962	49.67	399.78	0.17	24.80	60.11
962.1	49.67	401.57	-0.43	24.77	60.10
962.2	49.67	400.07	0.17	24.90	60.12
962.3	49.66	400.67	-1.23	24.77	60.13
962.4	49.67	400.07	0.77	25.00	60.12
962.5	49.67	400.37	-0.03	24.80	60.13
962.6	49.67	397.09	0.37	25.00	60.13
962.7	49.67	401.17	-0.23	24.95	60.12
962.8	49.67	399.48	0.17	24.80	60.14
962.9	49.67	400.87	-0.23	24.87	60.13
963	49.67	401.87	-0.83	24.90	60.12
963.1	49.67	401.37	-0.23	25.47	60.12
963.2	49.67	401.17	-0.43	24.85	60.12
963.3	49.67	402.76	-0.03	24.95	60.14
963.4	49.67	400.57	-1.03	24.87	60.12
963.5	49.67	398.68	0.17	24.82	60.14
963.6	49.67	403.66	-1.03	24.98	60.10
963.7	49.67	399.48	-0.23	25.05	60.11
963.8	49.67	403.26	-1.82	24.92	60.12
963.9	49.67	400.87	2.36	25.03	60.14
964	49.67	402.36	-1.42	24.82	60.18
964.1	49.67	399.88	-0.03	25.00	60.12
964.2	49.67	402.16	-1.42	24.87	60.14
964.3	49.67	398.88	-7.60	25.00	60.13
964.4	49.67	406.04	-0.83	25.03	60.10
964.5	49.67	401.47	-0.83	25.11	60.13
964.6	49.67	401.27	-1.03	24.54	60.13
964.7	49.67	402.16	-1.42	24.95	60.12
964.8	49.67	402.96	-1.03	24.95	60.13
964.9	49.67	402.76	-1.82	25.08	60.13
965	49.67	398.38	-0.63	25.29	60.14
965.1	49.67	403.56	-0.83	25.11	60.13
965.2	49.67	399.97	-0.03	24.92	60.13
965.3	49.67	400.77	-1.23	24.95	60.14
965.4	49.67	396.99	0.57	24.80	60.13
965.5	49.67	402.66	-1.42	25.16	59.98
965.6	49.67	397.79	0.37	24.95	60.14
965.7	49.67	400.77	-1.23	25.03	60.13
965.8	49.67	399.68	-1.62	24.95	60.13
965.9	49.67	402.76	-2.22	25.00	60.09
966	49.66	399.78	-1.42	25.23	60.13
966.1	49.67	399.28	-1.23	24.82	60.22
966.2	49.67	402.46	-0.83	25.29	60.09
966.3	49.67	400.97	-1.23	25.08	60.11
966.4	49.67	403.95	-1.03	25.11	60.12
966.5	49.67	399.88	-0.83	25.16	60.14
966.6	49.67	404.45	1.57	25.26	60.12
966.7	49.67	398.58	0.37	25.13	60.14
966.8	49.67	402.86	-3.22	25.08	60.15
966.9	49.67	399.48	-0.83	24.44	60.12
967	49.67	403.26	-2.82	25.18	60.14
967.1	49.67	399.78	-0.23	25.13	60.13
967.2	49.67	403.86	-1.82	25.23	60.14
967.3	49.67	399.88	-1.62	24.77	60.15
967.4	49.67	400.47	-1.23	25.11	60.12
967.5	49.67	400.47	-1.82	25.08	60.15
967.6	49.67	400.17	-2.22	25.05	60.14
967.7	49.67	401.67	-1.03	25.23	60.13
967.8	49.67	399.97	-2.02	25.05	60.15
967.9	49.67	399.58	-2.02	25.21	60.15
968	49.67	399.58	-1.62	25.16	60.13
968.1	49.67	401.57	-2.02	24.80	60.14
968.2	49.67	398.88	-1.23	25.34	60.14
968.3	49.67	401.57	-1.23	25.13	60.14
968.4	49.67	400.97	-2.22	25.13	60.16
968.5	49.67	402.76	-2.22	25.18	60.14
968.6	49.67	400.47	-1.62	25.13	60.15
968.7	49.67	401.87	-2.62	25.16	60.15
968.8	49.67	400.87	-2.82	25.03	60.16
968.9	49.67	403.56	-2.62	25.26	60.15
969	49.67	399.28	-1.62	25.13	60.10
969.1	49.67	403.66	-2.62	25.18	60.15
969.2	49.67	399.28	-3.22	25.08	60.15
969.3	49.67	403.95	-3.82	24.87	60.17
969.4	49.67	401.57	-2.62	25.23	60.13
969.5	49.67	400.47	-3.42	25.05	60.17
969.6	49.67	400.27	-3.42	24.98	60.15
969.7	49.67	402.76	-2.82	25.31	60.15
969.8	49.67	398.88	-4.61	25.00	60.18
969.9	49.67	400.37	-1.82	25.16	60.17
970	49.67	402.26	-4.22	25.16	60.17
970.1	49.67	400.47	0.97	25.03	60.18
970.2	49.67	400.37	-3.42	25.18	60.17
970.3	49.67	400.17	-3.42	25.05	60.16
970.4	49.67	401.57	-3.22	24.80	60.17
970.5	49.67	400.07	-2.02	25.13	60.17
970.6	49.67	403.76	-4.02	25.18	60.17
970.7	49.67	398.78	-2.22	25.29	60.17
970.8	49.67	401.67	-2.82	25.47	60.16
970.9	49.67	400.77	-2.62	25.26	60.15
971	49.67	402.66	-3.22	25.16	60.16
971.1	49.67	402.16	-2.62	25.44	60.15
971.2	49.67	399.58	-2.22	25.21	60.16
971.3	49.67	402.96	-3.02	25.29	60.16
971.4	49.67	398.78	-2.62	25.23	60.15
971.5	49.67	402.26	-3.42	25.21	60.14
971.6	49.67	400.87	-3.02	25.23	60.15
971.7	49.67	404.15	-3.82	25.26	60.03
971.8	49.67	399.78	-3.22	25.26	60.17
971.9	49.67	402.56	-3.82	25.31	60.16
972	49.67	399.58	-3.22	25.41	60.17
972.1	49.67	403.95	-3.82	25.31	60.34
972.2	49.67	400.27	-2.22	25.36	60.16
972.3	49.67	403.26	-3.62	25.36	60.15
972.4	49.67	398.58	-1.82	25.39	60.17
972.5	49.67	400.47	-3.22	25.44	60.13
972.6	49.67	398.38	-2.82	25.34	60.17
972.7	49.67	399.78	-3.42	25.36	60.16
972.8	49.67	401.87	-3.62	25.21	60.16
972.9	49.67	401.47	-3.02	25.41	60.15
973	49.67	400.67	-3.02	25.39	60.15
973.1	49.67	401.17	-2.62	25.98	60.16
973.2	49.67	400.57	-2.82	25.34	60.15
973.3	49.67	398.98	-2.02	25.52	60.15
973.4	49.67	402.86	-2.22	25.47	60.14
973.5	49.67	399.18	-1.82	25.47	60.15
973.6	49.67	403.66	-3.22	25.47	60.15
973.7	49.67	400.07	-2.02	25.44	60.15
973.8	49.67	402.96	-4.41	25.41	60.15
973.9	49.67	398.98	-2.42	25.44	60.14
974	49.67	403.86	-3.22	25.54	60.14
974.1	49.67	400.47	-2.02	25.44	60.15
974.2	49.68	401.77	-3.02	25.60	60.14
974.3	49.67	400.47	-2.82	25.49	60.15
974.4	49.67	399.68	-2.42	25.60	60.20
974.5	49.67	401.96	-2.42	25.62	60.14
974.6	49.67	401.37	-3.22	25.49	60.15
974.7	49.66	400.17	-24.94	25.47	60.16
974.8	49.67	399.58	-3.42	25.41	60.13
974.9	49.67	402.36	-3.42	25.60	60.10
975	49.67	402.76	-1.03	25.57	60.10
975.1	49.67	401.96	-0.63	25.49	60.14
975.2	49.67	403.76	-2.22	25.62	60.14
975.3	49.67	402.06	-2.82	25.54	60.15
975.4	49.67	399.68	-2.22	25.44	60.15
975.5	49.67	400.47	-4.41	25.39	60.17
975.6	49.67	399.48	-1.23	25.52	60.15
975.7	49.67	400.37	-3.22	25.52	60.16
975.8	49.67	397.09	-2.22	25.52	60.16
975.9	49.67	402.26	-1.82	25.49	60.15
976	49.67	400.87	-3.02	25.65	60.15
976.1	49.67	399.78	-2.42	25.52	60.15
976.2	49.67	399.08	-2.22	25.78	60.15
976.3	49.67	401.87	-2.42	25.72	60.16
976.4	49.67	400.67	-2.82	25.60	60.14
976.5	49.67	398.18	-2.22	25.57	60.14
976.6	49.67	399.68	-3.02	25.93	60.14
976.7	49.67	400.67	-2.02	25.54	60.15
976.8	49.67	401.37	-4.22	25.41	60.15
976.9	49.67	400.67	-1.62	25.83	60.14
977	49.67	400.67	-3.42	25.44	60.13
977.1	49.67	400.57	-1.62	25.85	60.04
977.2	49.67	400.87	-3.02	25.62	60.15
977.3	49.67	402.36	-1.62	25.72	60.14
977.4	49.67	399.48	-1.62	25.85	60.14
977.5	49.67	397.89	-0.83	25.67	60.14
977.6	49.67	402.06	-3.22	25.70	60.15
977.7	49.66	399.08	-1.62	25.72	60.15
977.8	49.67	401.47	-3.42	25.54	60.15
977.9	49.67	397.39	-0.83	25.90	60.10
978	49.67	402.06	-2.22	25.62	60.14
978.1	49.67	399.48	-1.42	25.83	60.12
978.2	49.67	400.37	1.37	25.72	60.12
978.3	49.67	402.46	-1.82	25.83	60.14
978.4	49.67	401.37	-1.23	25.83	60.13
978.5	49.67	403.86	-1.82	25.88	60.13
978.6	49.67	397.99	1.57	25.88	60.12
978.7	49.67	401.67	-1.62	25.88	60.13
978.8	49.67	397.39	-1.03	25.78	60.15
978.9	49.67	403.16	-1.82	26.01	60.13
979	49.67	400.57	-2.82	25.80	60.13
979.1	49.67	404.15	-2.82	25.93	60.13
979.2	49.67	399.97	-1.82	25.96	60.13
979.3	49.67	401.57	-1.82	26.70	60.12
979.4	49.67	398.08	1.57	25.90	60.14
979.5	49.67	401.27	-1.03	25.88	60.11
979.6	49.67	400.77	-1.23	25.88	60.13
979.7	49.67	397.59	-0.63	25.96	60.11
979.8	49.67	401.77	-3.42	26.01	60.13
979.9	49.67	399.28	-1.82	25.78	60.14
980	49.67	401.67	-1.42	26.03	60.12
980.1	49.67	400.57	-1.82	26.52	60.13
980.2	49.67	400.47	-0.03	25.78	60.13
980.3	49.67	396.29	-0.23	25.93	60.13
980.4	49.67	404.05	-1.23	25.90	60.12
980.5	49.67	397.89	0.17	24.77	60.13
980.6	49.67	404.55	-2.22	25.96	60.12
980.7	49.67	391.02	-0.63	25.90	60.12
980.8	49.67	404.45	-3.02	25.96	60.13
980.9	49.67	398.08	0.17	25.57	60.11
981	49.67	402.86	-0.23	25.83	60.14
981.1	49.67	397.89	-1.03	25.93	60.13
981.2	49.67	400.77	-1.03	26.14	60.11
981.3	49.67	400.57	-1.03	28.56	60.14
981.4	49.67	400.77	-0.43	26.06	60.13
981.5	49.67	396.79	-0.03	25.98	60.12
981.6	49.67	401.27	-1.62	25.80	60.13
981.7	49.67	400.77	-1.03	26.27	60.14
981.8	49.67	402.36	-0.63	26.01	60.13
981.9	49.67	399.08	-0.43	25.93	60.11
982	49.67	400.17	-0.43	26.01	60.13
982.1	49.67	400.17	-0.83	25.98	60.12
982.2	49.67	399.08	-0.03	25.96	60.13
982.3	49.67	403.66	-1.42	25.98	60.13
982.4	49.67	400.47	-0.63	25.90	60.11
982.5	49.67	403.56	-1.23	25.85	60.12
982.6	49.67	400.67	-1.42	26.03	60.12
982.7	49.67	403.16	-2.02	25.93	60.14
982.8	49.67	398.38	-0.83	25.83	60.13
982.9	49.67	404.75	-1.23	25.93	60.12
983	49.67	396.09	-1.03	25.85	60.14
983.1	49.67	402.26	-1.42	26.01	60.12
983.2	49.67	398.68	-0.83	25.93	60.13
983.3	49.67	402.76	-2.02	26.06	60.12
983.4	49.66	397.19	-1.42	25.65	60.13
983.5	49.67	401.47	-1.82	25.90	60.18
983.6	49.67	399.28	-0.23	26.11	60.06
983.7	49.67	405.45	-3.02	25.80	60.08
983.8	49.67	400.07	-0.63	25.85	60.11
983.9	49.67	400.97	-1.62	26.08	60.11
984	49.67	400.77	-1.23	26.06	60.13
984.1	49.67	402.66	-1.62	25.80	60.13
984.2	49.67	400.47	-0.83	26.01	60.12
984.3	49.67	402.06	-1.42	25.88	60.12
984.4	49.67	402.16	-1.82	25.96	60.12
984.5	49.67	400.77	-2.02	26.32	60.14
984.6	49.67	402.06	-1.82	25.98	60.14
984.7	49.67	401.47	-0.63	25.98	60.13
984.8	49.67	400.97	-1.23	25.88	60.13
984.9	49.67	398.58	-0.43	25.98	60.13
985	49.67	399.88	-1.03	26.01	60.12
985.1	49.67	402.06	-0.83	25.93	60.13
985.2	49.67	401.47	-1.23	26.01	60.13
985.3	49.67	397.69	-0.23	26.21	60.13
985.4	49.67	403.46	-2.62	25.88	60.11
985.5	49.67	398.98	-0.43	25.80	60.14
985.6	49.67	400.77	-1.42	25.96	60.13
985.7	49.67	400.87	-0.23	25.96	60.12
985.8	49.67	402.16	-2.82	25.83	60.13
985.9	49.67	403.26	-2.02	26.01	60.12
986	49.67	402.56	-3.22	25.88	60.14
986.1	49.67	397.99	-0.63	26.19	60.13
986.2	49.67	398.58	-2.42	25.88	60.13
986.3	49.67	397.29	-0.83	25.83	60.13
986.4	49.67	404.95	-2.62	25.96	60.13
986.5	49.67	401.47	-1.82	26.06	60.14
986.6	49.67	400.57	-1.42	25.85	60.12
986.7	49.67	399.97	-1.82	25.75	60.14
986.8	49.67	401.17	-1.42	25.88	60.13
986.9	49.67	399.38	-1.62	26.19	60.13
987	49.67	399.28	-0.63	25.83	60.13
987.1	49.67	401.47	-3.02	25.83	60.13
987.2	49.67	397.69	-1.03	25.96	60.13
987.3	49.67	402.36	-2.02	25.70	60.13
987.4	49.67	399.97	-0.63	26.03	60.12
987.5	49.67	402.26	-2.82	25.70	60.13
987.6	49.67	398.88	-1.42	25.93	60.13
987.7	49.67	399.58	-1.23	26.11	60.13
987.8	49.67	397.59	-0.63	25.83	60.22
987.9	49.67	403.86	-2.22	25.88	60.13
988	49.67	395.10	-1.03	25.80	60.13
988.1	49.67	404.25	-2.62	25.96	60.13
988.2	49.67	398.48	-2.02	25.62	60.13
988.3	49.67	400.57	-1.42	25.85	60.12
988.4	49.67	399.08	-1.82	25.78	60.12
988.5	49.67	404.25	-2.82	26.73	60.12
988.6	49.67	400.37	-1.42	25.75	60.12
988.7	49.67	403.26	-2.22	25.85	60.13
988.8	49.67	398.48	-1.03	25.85	60.13
988.9	49.67	400.77	-1.42	25.70	60.12
989	49.67	401.67	-2.02	25.72	60.14
989.1	49.67	400.37	-2.02	25.80	60.12
989.2	49.67	401.27	-2.42	25.78	60.13
989.3	49.67	400.17	-1.42	25.08	60.13
989.4	49.67	401.27	-2.22	25.78	60.13
989.5	49.67	394.80	-1.62	25.80	60.14
989.6	49.67	399.58	-1.03	25.88	60.12
989.7	49.67	400.47	-2.02	25.70	60.13
989.8	49.67	400.87	-1.82	25.70	60.14
989.9	49.67	400.67	-1.42	25.85	60.12
990	49.67	399.38	-1.62	25.83	60.14
990.1	49.67	401.17	-2.62	25.83	60.13
990.2	49.67	403.56	-2.02	25.80	60.13
990.3	49.67	398.98	-1.42	25.88	60.12
990.4	49.67	402.16	-2.62	25.80	60.14
990.5	49.67	397.89	-1.03	27.19	60.12
990.6	49.67	402.86	-6.01	25.70	60.13
990.7	49.67	399.68	-1.62	25.70	60.13
990.8	49.67	402.76	-3.62	25.78	60.13
990.9	49.67	400.87	-1.03	25.72	60.15
991	49.67	400.47	-0.23	25.67	60.14
991.1	49.67	396.39	-2.02	25.72	60.18
991.2	49.67	403.16	-3.02	25.72	60.13
991.3	49.67	400.07	-1.42	25.60	60.14
991.4	49.67	402.56	14.72	25.83	60.13
991.5	49.67	399.68	-2.02	25.70	60.14
991.6	49.67	402.36	-2.02	25.65	60.14
991.7	49.67	400.27	-1.42	25.83	60.13
991.8	49.67	400.77	-2.82	25.62	60.14
991.9	49.67	400.27	-2.02	25.78	60.14
992	49.66	401.67	-2.02	25.72	60.13
992.1	49.66	400.47	-3.02	25.72	60.15
992.2	49.67	398.58	-17.77	25.62	60.17
992.3	49.67	403.46	-2.02	25.65	60.08
992.4	49.67	402.66	-3.02	25.78	60.10
992.5	49.67	402.06	-2.22	25.72	60.12
992.6	49.67	400.37	-4.41	25.78	60.14
992.7	49.67	400.17	-2.02	25.70	60.13
992.8	49.67	399.38	-2.62	25.49	60.15
992.9	49.67	400.37	-3.22	26.75	60.15
993	49.67	397.79	-2.82	25.62	60.15
993.1	49.67	408.33	-3.82	25.52	60.14
993.2	49.67	400.77	-2.42	25.57	60.15
993.3	49.67	401.47	-3.62	25.60	60.15
993.4	49.67	401.17	-3.02	25.67	60.15
993.5	49.67	404.05	-3.62	25.52	60.14
993.6	49.67	400.07	-2.62	25.60	60.15
993.7	49.67	401.67	-3.22	25.60	60.15
993.8	49.67	398.18	-2.62	25.44	60.16
993.9	49.67	396.59	-3.42	25.70	60.14
994	49.67	398.68	-3.42	25.62	60.13
994.1	49.67	402.76	-3.82	25.60	60.17
994.2	49.67	400.97	-0.43	25.67	60.16
994.3	49.67	399.97	-3.62	25.54	60.16
994.4	49.67	401.96	-4.22	25.47	60.16
994.5	49.67	399.58	-2.82	25.47	60.17
994.6	49.67	401.87	9.14	25.70	60.16
994.7	49.67	394.30	-4.22	25.54	60.17
994.8	49.67	401.57	-4.02	25.44	60.16
994.9	49.67	399.78	-3.22	25.49	60.14
995	49.67	400.07	-9.20	25.62	60.15
995.1	49.67	396.39	-2.42	25.52	60.16
995.2	49.67	404.05	-3.62	25.49	60.15
995.3	49.67	400.27	-2.02	25.49	60.16
995.4	49.67	401.77	-4.02	25.54	60.16
995.5	49.67	395.50	-2.22	25.54	60.17
995.6	49.67	401.17	-2.22	25.60	60.14
995.7	49.67	399.08	-2.22	25.44	60.16
995.8	49.67	400.37	-3.82	25.47	60.15
995.9	49.67	398.38	-2.02	25.65	60.07
996	49.67	404.75	-4.22	25.47	60.15
996.1	49.67	397.49	-1.62	25.47	60.14
996.2	49.67	405.25	-3.82	25.67	60.14
996.3	49.67	401.96	-3.42	25.60	60.15
996.4	49.67	401.17	-2.82	25.47	60.15
996.5	49.66	400.47	-1.82	25.49	60.15
996.6	49.67	399.78	-3.02	25.39	60.16
996.7	49.67	399.28	-2.02	25.75	60.15
996.8	49.67	398.98	-3.42	25.44	60.17
996.9	49.67	399.88	-1.82	25.44	60.15
997	49.67	398.98	-3.42	25.80	60.15
997.1	49.67	398.68	-2.02	25.62	60.16
997.2	49.67	401.27	-3.22	25.52	60.15
997.3	49.67	403.26	-1.82	25.47	60.14
997.4	49.67	398.68	-3.22	25.39	60.15
997.5	49.67	400.87	-2.82	25.60	60.15
997.6	49.67	399.38	-2.82	25.47	60.15
997.7	49.67	403.06	-4.02	25.47	60.16
997.8	49.67	402.56	-4.02	25.31	60.15
997.9	49.67	402.26	-3.02	25.75	60.14
998	49.67	400.07	-3.42	25.34	60.15
998.1	49.67	398.98	-2.62	25.47	60.15
998.2	49.67	402.26	-2.62	25.90	60.15
998.3	49.67	399.78	-3.82	25.57	60.15
998.4	49.67	399.38	-1.23	25.57	60.14
998.5	49.67	403.66	-3.42	25.41	60.15
998.6	49.67	396.79	-1.03	27.50	60.15
998.7	49.67	403.36	-2.42	25.62	60.13
998.8	49.67	401.37	-1.62	25.21	60.15
998.9	49.67	403.26	-3.82	25.41	60.16
999	49.67	400.07	-2.82	25.62	60.14
999.1	49.67	402.86	-4.41	25.49	60.15
999.2	49.67	399.78	-2.22	25.60	60.14
999.3	49.67	403.46	-2.62	25.47	60.15
999.4	49.67	396.29	-1.82	25.52	60.15
999.5	49.67	401.37	-2.62	25.67	60.14
999.6	49.67	401.87	-0.63	25.44	60.14
999.7	49.67	403.76	-4.02	25.31	60.15
999.8	49.67	399.78	-2.02	24.92	60.16
999.9	49.67	402.46	-2.22	25.47	60.14
1000	49.67	401.47	-1.62	25.47	60.14
1000.1	49.67	401.77	-2.02	25.49	60.15
1000.2	49.67	401.47	-1.62	25.60	60.14
1000.3	49.67	400.37	-3.62	25.39	60.14
1000.4	49.67	402.76	-2.02	25.41	60.15
1000.5	49.67	399.97	-2.42	25.49	60.15
1000.6	49.67	404.55	-2.62	25.11	60.15
1000.7	49.66	399.28	-2.82	25.31	60.13
1000.8	49.66	402.06	-3.42	25.39	60.24
1000.9	49.67	398.48	-1.42	25.60	60.17
1001	49.67	404.65	-3.42	24.67	60.09
1001.1	49.67	400.57	-1.62	25.65	60.11
1001.2	49.67	399.28	-2.82	25.36	60.13
1001.3	49.67	397.09	-1.23	25.44	60.13
1001.4	49.67	400.87	-1.82	25.96	60.15
1001.5	49.67	398.68	-0.83	25.44	60.16
1001.6	49.67	404.35	-3.42	25.47	60.13
1001.7	49.67	398.18	-1.42	25.31	60.15
1001.8	49.67	404.15	-3.62	23.82	60.14
1001.9	49.67	401.57	-2.62	25.31	60.14
1002	49.67	399.88	-3.22	25.49	60.14
1002.1	49.67	400.37	-2.22	25.60	60.14
1002.2	49.67	401.87	-3.22	25.72	60.14
1002.3	49.67	400.17	-2.82	25.49	60.15
1002.4	49.67	401.27	-1.62	25.41	60.14
1002.5	49.67	402.06	-2.62	25.41	60.14
1002.6	49.67	399.58	-1.42	25.31	60.14
1002.7	49.67	402.46	-3.02	25.29	60.06
1002.8	49.67	399.18	-2.22	25.29	60.14
1002.9	49.67	403.26	-2.82	25.39	60.14
1003	49.67	401.37	-1.62	25.39	60.15
1003.1	49.67	403.56	-3.22	25.44	60.15
1003.2	49.67	398.18	-0.83	25.36	60.15
1003.3	49.67	402.76	-3.82	25.21	60.16
1003.4	49.67	398.68	-1.42	25.44	60.14
1003.5	49.67	400.77	-2.42	25.26	60.26
1003.6	49.67	399.38	-1.82	25.47	60.15
1003.7	49.67	402.86	-2.62	25.36	60.14
1003.8	49.67	401.47	-2.82	25.23	60.15
1003.9	49.67	402.16	-3.22	25.34	60.19
1004	49.67	400.07	-2.82	25.41	60.14
1004.1	49.66	400.07	-3.02	25.34	60.13
1004.2	49.67	400.07	-2.02	25.26	60.14
1004.3	49.67	402.26	-2.62	25.26	60.13
1004.4	49.67	402.06	-2.22	25.41	60.15
1004.5	49.67	400.97	-3.02	25.34	60.16
1004.6	49.67	401.57	16.91	25.29	60.15
1004.7	49.67	402.16	-2.82	25.39	60.13
1004.8	49.67	400.57	-3.42	25.26	60.16
1004.9	49.67	399.78	-1.82	25.49	60.15
1005	49.67	403.86	12.73	25.21	60.15
1005.1	49.67	402.66	-2.02	25.23	60.16
1005.2	49.67	406.64	-4.02	25.29	60.14
1005.3	49.67	397.79	-2.22	25.16	60.14
1005.4	49.67	402.16	-3.02	25.41	60.14
1005.5	49.67	394.90	-2.02	25.18	60.14
1005.6	49.67	402.76	-4.02	25.18	60.15
1005.7	49.67	401.37	-2.22	25.83	60.12
1005.8	49.67	398.78	-3.62	25.18	60.15
1005.9	49.67	402.76	-3.02	25.26	60.15
1006	49.67	398.58	-2.02	25.31	60.15
1006.1	49.67	401.67	-2.82	25.67	60.14
1006.2	49.67	398.58	-4.02	25.00	60.13
1006.3	49.67	402.86	-3.02	25.16	60.15
1006.4	49.66	397.69	-2.62	25.13	60.16
1006.5	49.67	407.64	-3.62	25.18	60.15
1006.6	49.67	397.99	-0.83	25.18	60.30
1006.7	49.67	404.35	-4.41	25.11	60.14
1006.8	49.67	397.39	-1.23	25.03	60.14
1006.9	49.67	401.37	-2.22	25.26	60.14
1007	49.67	395.80	-3.02	25.05	60.16
1007.1	49.67	401.17	-3.42	25.16	60.15
1007.2	49.67	399.68	-2.42	24.98	60.14
1007.3	49.67	401.47	-2.82	25.23	60.15
1007.4	49.67	399.08	-3.22	25.03	60.14
1007.5	49.67	400.27	-2.22	25.23	60.15
1007.6	49.67	401.96	-3.22	24.77	60.15
1007.7	49.67	400.17	-3.22	25.23	60.14
1007.8	49.67	404.65	-3.62	24.92	60.15
1007.9	49.67	398.58	-2.82	25.08	60.15
1008	49.67	403.66	-3.22	25.70	60.14
1008.1	49.67	397.89	-2.22	25.05	60.16
1008.2	49.67	403.26	-3.82	25.21	60.16
1008.3	49.67	398.98	-2.02	25.05	60.15
1008.4	49.67	403.56	-3.62	25.21	60.15
1008.5	49.67	399.28	-2.82	25.13	60.17
1008.6	49.67	400.67	-3.02	25.08	60.16
1008.7	49.67	400.37	-3.22	25.11	60.16
1008.8	49.67	399.68	-3.62	25.13	60.15
1008.9	49.67	397.59	-3.62	24.95	60.15
1009	49.67	401.07	-2.22	25.05	60.15
1009.1	49.67	401.77	-3.82	25.05	60.16
1009.2	49.67	400.27	2.76	24.95	60.15
1009.3	49.67	402.06	-3.62	24.87	60.15
1009.4	49.66	398.28	-2.82	25.08	60.15
1009.5	49.66	401.37	-3.22	25.80	60.25
1009.6	49.67	396.00	1.57	25.00	60.17
1009.7	49.67	403.06	-2.62	25.05	60.08
1009.8	49.67	398.58	-2.62	24.90	60.11
1009.9	49.67	403.86	-3.42	24.15	60.14
1010	49.67	397.59	-2.22	24.92	60.15
1010.1	49.67	401.57	-3.62	25.00	60.15
1010.2	49.67	398.28	-1.62	24.98	60.14
1010.3	49.67	402.86	-3.22	24.95	60.15
1010.4	49.67	399.08	-2.62	24.87	60.14
1010.5	49.67	401.37	-2.02	25.08	60.14
1010.6	49.67	400.37	-3.42	24.80	60.14
1010.7	49.67	400.87	-2.22	25.11	60.14
1010.8	49.67	401.37	-3.22	24.95	60.15
1010.9	49.67	401.96	-2.42	25.03	60.14
1011	49.67	399.28	-3.22	24.90	60.15
1011.1	49.67	397.29	2.16	25.13	60.13
1011.2	49.67	409.33	-3.62	24.92	60.16
1011.3	49.67	397.39	-1.82	24.98	60.14
1011.4	49.67	405.75	-3.22	25.00	60.14
1011.5	49.67	395.60	-6.61	24.87	60.13
1011.6	49.67	403.36	-2.42	25.13	60.13
1011.7	49.67	400.37	-1.82	25.00	60.13
1011.8	49.67	402.06	-3.02	24.87	60.14
1011.9	49.67	400.57	-1.62	25.21	60.13
1012	49.67	398.28	-2.02	25.00	60.14
1012.1	49.67	399.08	-2.62	25.08	60.15
1012.2	49.67	401.17	-2.22	25.03	60.13
1012.3	49.67	403.95	-3.82	25.03	60.13
1012.4	49.67	401.87	-1.42	25.00	60.14
1012.5	49.67	403.86	-2.42	24.90	60.13
1012.6	49.67	400.67	-1.62	23.28	60.15
1012.7	49.67	406.24	-3.02	24.87	60.13
1012.8	49.67	398.88	-2.02	25.03	60.14
1012.9	49.67	404.35	-2.82	25.00	60.13
1013	49.67	397.79	-0.43	24.87	60.13
1013.1	49.67	402.16	-3.02	25.00	60.12
1013.2	49.67	401.37	-1.82	24.87	60.14
1013.3	49.67	401.37	-2.42	24.98	60.13
1013.4	49.67	397.39	-1.42	24.95	60.14
1013.5	49.67	402.06	-3.42	24.95	60.08
1013.6	49.67	399.18	-1.62	24.95	60.12
1013.7	49.67	398.98	-1.62	24.95	60.13
1013.8	49.67	399.58	-28.33	24.85	60.13
1013.9	49.67	403.16	-0.83	25.03	60.14
1014	49.67	401.27	-1.23	24.87	60.14
1014.1	49.67	399.68	-2.22	24.82	60.13
1014.2	49.67	404.95	-12.79	25.11	60.11
1014.3	49.67	403.56	-0.83	24.85	60.11
1014.4	49.67	401.37	-1.82	25.00	60.12
1014.5	49.67	399.18	-1.03	24.95	60.12
1014.6	49.67	404.15	-2.82	24.87	60.13
1014.7	49.67	395.50	-1.03	25.00	60.12
1014.8	49.67	402.76	-2.22	24.85	60.13
1014.9	49.67	400.27	-0.63	24.31	60.13
1015	49.67	403.06	-1.03	24.95	60.13
1015.1	49.67	399.97	-0.83	24.80	60.11
1015.2	49.67	402.16	-3.02	24.90	60.13
1015.3	49.67	400.57	-1.42	24.18	60.12
1015.4	49.67	400.17	-2.22	24.87	60.11
1015.5	49.67	400.87	-2.82	24.82	60.12
1015.6	49.67	401.67	-1.82	24.80	60.13
1015.7	49.67	403.26	-2.02	25.03	60.12
1015.8	49.67	401.96	-1.42	24.95	60.13
1015.9	49.67	402.46	-2.02	24.82	60.12
1016	49.67	399.68	-0.03	24.80	60.12
1016.1	49.67	400.57	-1.82	25.44	60.13
1016.2	49.67	402.56	-1.03	24.80	60.11
1016.3	49.67	399.88	-2.22	24.80	60.13
1016.4	49.67	401.17	-1.03	24.95	60.11
1016.5	49.67	403.56	-3.62	24.46	60.12
1016.6	49.67	397.09	-0.23	24.77	60.13
1016.7	49.67	400.97	-2.62	24.85	60.12
1016.8	49.67	400.17	-1.23	24.67	60.13
1016.9	49.67	402.26	-1.82	25.05	60.11
1017	49.67	401.67	-2.22	24.95	60.12
1017.1	49.67	400.57	-1.23	24.80	60.12
1017.2	49.67	399.88	-0.63	24.90	60.12
1017.3	49.67	401.17	-1.03	24.80	60.12
1017.4	49.67	399.38	-1.03	24.72	60.12
1017.5	49.67	399.88	-1.23	24.82	60.11
1017.6	49.67	400.17	-0.43	24.82	60.11
1017.7	49.67	403.26	-1.23	25.03	60.11
1017.8	49.67	400.57	-2.02	24.69	59.99
1017.9	49.67	400.57	-1.23	24.77	60.12
1018	49.67	401.27	-1.62	24.67	60.13
1018.1	49.66	400.27	-0.83	24.77	60.12
1018.2	49.67	398.18	-3.02	24.46	60.22
1018.3	49.67	397.89	-0.43	24.64	60.13
1018.4	49.67	401.77	-0.83	24.90	60.05
1018.5	49.67	399.18	-1.03	24.62	60.07
1018.6	49.67	401.27	-1.42	24.69	60.06
1018.7	49.67	401.96	-1.23	24.69	60.12
1018.8	49.67	401.67	-2.02	24.51	60.13
1018.9	49.67	402.26	-1.42	24.87	60.13
1019	49.67	399.97	-1.62	24.72	60.04
1019.1	49.67	400.57	-1.62	24.67	60.12
1019.2	49.67	403.16	-2.22	24.64	60.14
1019.3	49.67	400.87	-0.83	24.41	60.12
1019.4	49.67	406.34	-1.62	24.77	60.10
1019.5	49.67	397.69	-0.23	24.56	60.12
1019.6	49.67	401.67	-1.03	24.59	60.12
1019.7	49.67	400.27	-1.62	24.72	60.10
1019.8	49.67	399.68	-1.62	24.51	60.13
1019.9	49.67	397.99	-0.83	24.67	60.12
1020	49.67	398.68	-1.03	24.54	60.11
1020.1	49.67	401.17	-15.98	24.67	60.11
1020.2	49.67	398.78	-0.43	24.54	60.10
1020.3	49.67	402.26	-1.82	24.49	60.13
1020.4	49.67	399.97	-1.03	24.77	60.11
1020.5	49.67	404.45	-2.22	24.56	60.12
1020.6	49.67	396.39	-1.23	24.62	60.11
1020.7	49.67	404.35	-3.02	24.54	60.13
1020.8	49.67	399.88	-1.23	24.56	60.13
1020.9	49.67	401.67	-2.22	24.41	60.13
1021	49.67	399.68	-1.23	24.56	60.12
1021.1	49.67	402.56	-1.62	24.51	60.12
1021.2	49.67	401.96	-1.42	24.62	60.11
1021.3	49.67	398.88	-2.02	24.64	60.14
1021.4	49.67	399.48	-2.22	24.38	60.13
1021.5	49.67	402.86	-1.62	24.67	60.11
1021.6	49.67	402.66	-3.42	24.36	60.11
1021.7	49.67	398.98	-2.02	24.44	60.13
1021.8	49.67	402.66	-2.22	24.38	60.11
1021.9	49.67	400.27	-1.82	23.87	60.11
1022	49.67	403.36	-4.61	24.23	60.12
1022.1	49.67	404.15	-1.62	24.56	60.12
1022.2	49.67	405.35	-2.62	24.44	60.11
1022.3	49.67	398.68	-1.23	24.28	60.12
1022.4	49.67	402.76	-2.42	24.31	60.12
1022.5	49.67	400.87	-1.62	24.54	60.11
1022.6	49.67	401.57	-1.82	24.36	60.12
1022.7	49.67	399.18	-1.03	24.56	60.11
1022.8	49.67	400.67	-1.62	24.46	60.11
1022.9	49.67	401.96	-1.82	24.46	60.12
1023	49.66	398.88	-0.63	24.62	60.11
1023.1	49.67	400.07	-1.42	24.38	60.12
1023.2	49.67	397.79	-0.43	24.49	60.10
1023.3	49.67	401.37	-1.62	24.41	60.10
1023.4	49.67	400.57	-1.03	24.51	60.10
1023.5	49.67	400.77	0.57	24.28	60.13
1023.6	49.67	400.77	-1.62	24.33	60.17
1023.7	49.67	405.94	-2.42	24.51	60.12
1023.8	49.67	398.88	-1.42	24.20	60.12
1023.9	49.67	405.05	-7.40	24.41	60.13
1024	49.67	399.08	-1.03	24.54	60.12
1024.1	49.67	401.57	-2.22	24.33	60.11
1024.2	49.67	398.98	-1.03	24.44	60.11
1024.3	49.67	403.46	-3.82	24.41	60.12
1024.4	49.67	397.39	-1.23	24.25	60.15
1024.5	49.67	400.17	-1.62	24.51	60.10
1024.6	49.67	400.67	-1.62	24.62	60.11
1024.7	49.67	401.17	-7.01	24.25	60.11
1024.8	49.67	399.68	-2.82	24.25	60.11
1024.9	49.67	399.58	-1.62	24.23	60.13
1025	49.67	401.87	-2.42	24.51	60.11
1025.1	49.67	397.89	-1.03	24.25	60.12
1025.2	49.67	411.02	-0.83	24.41	60.11
1025.3	49.67	397.69	-0.43	24.33	60.11
1025.4	49.67	403.66	-1.82	23.79	60.11
1025.5	49.67	399.28	-2.22	24.28	60.11
1025.6	49.67	400.37	-1.03	24.44	60.11
1025.7	49.67	398.38	-0.83	24.23	60.11
1025.8	49.67	403.56	-2.62	24.07	60.13
1025.9	49.67	399.38	0.37	24.20	60.13
1026	49.67	402.26	-1.62	24.38	60.13
1026.1	49.67	399.58	-1.03	24.36	60.10
1026.2	49.67	403.06	-1.42	25.93	60.11
1026.3	49.67	402.56	1.57	24.25	60.12
1026.4	49.67	399.97	-1.82	24.31	60.11
1026.5	49.67	399.88	0.17	24.33	60.12
1026.6	49.67	402.76	-1.03	24.23	60.12
1026.7	49.67	399.58	-1.62	24.28	60.11
1026.8	49.65	398.18	-1.82	24.13	60.13
1026.9	49.67	396.59	-0.43	24.00	60.26
1027	49.67	400.57	-1.82	24.28	60.12
1027.1	49.67	402.26	-6.81	24.44	60.05
1027.2	49.67	395.30	-0.83	24.15	60.07
1027.3	49.67	402.96	-1.42	24.20	60.10
1027.4	49.67	401.96	-1.42	24.28	60.11
1027.5	49.67	399.38	2.76	24.33	60.10
1027.6	49.67	393.71	-1.23	24.15	60.15
1027.7	49.67	401.67	-1.42	24.15	60.11
1027.8	49.67	400.17	-1.62	24.18	60.11
1027.9	49.67	404.35	4.16	24.20	60.11
1028	49.67	398.88	-1.03	24.13	60.13
1028.1	49.67	406.04	-1.23	24.23	60.11
1028.2	49.67	397.79	0.17	24.15	60.11
1028.3	49.67	401.07	-6.01	24.18	60.12
1028.4	49.67	395.90	0.97	24.28	60.11
1028.5	49.67	401.77	-0.83	24.20	60.11
1028.6	49.67	401.47	-1.23	24.15	60.11
1028.7	49.67	402.86	-13.78	24.10	60.11
1028.8	49.67	405.75	-1.23	24.13	60.13
1028.9	49.67	401.77	-1.42	24.02	60.11
1029	49.67	402.16	-0.03	24.28	60.10
1029.1	49.67	401.57	-5.81	24.20	60.10
1029.2	49.67	402.96	-1.23	24.18	60.09
1029.3	49.67	398.78	-0.03	24.02	60.11
1029.4	49.67	401.17	-0.63	24.20	60.10
1029.5	49.67	399.97	9.74	24.15	60.11
1029.6	49.67	405.25	-0.83	24.10	60.12
1029.7	49.67	399.38	-0.83	24.18	60.12
1029.8	49.67	399.38	-1.03	24.13	60.12
1029.9	49.67	398.98	3.56	24.00	60.10
1030	49.67	401.17	-1.23	24.10	60.09
1030.1	49.67	398.18	-0.03	24.25	60.10
1030.2	49.67	400.57	-1.03	24.07	60.10
1030.3	49.67	397.99	-0.63	24.05	60.11
1030.4	49.67	400.67	-0.03	24.10	60.11
1030.5	49.67	401.57	-0.43	24.05	60.13
1030.6	49.67	399.78	-0.63	24.02	60.11
1030.7	49.67	399.68	5.75	24.20	60.11
1030.8	49.67	398.08	-1.62	24.07	60.09
1030.9	49.67	398.28	0.57	24.05	60.10
1031	49.67	401.96	-1.03	24.18	60.11
1031.1	49.67	400.37	0.37	24.25	60.10
1031.2	49.67	401.67	-1.23	24.05	60.11
1031.3	49.67	396.00	0.17	23.97	60.11
1031.4	49.67	401.77	-1.03	24.02	60.10
1031.5	49.67	401.17	0.17	24.10	60.10
1031.6	49.67	400.17	-0.83	23.97	60.14
1031.7	49.67	397.79	-0.43	23.95	60.11
1031.8	49.67	404.05	-1.62	24.07	60.11
1031.9	49.67	400.07	-0.43	23.97	60.10
1032	49.67	408.43	-0.63	23.97	60.04
1032.1	49.67	397.79	-0.43	23.92	60.11
1032.2	49.67	401.07	-0.23	24.15	60.11
1032.3	49.67	399.88	-1.42	23.95	60.11
1032.4	49.67	399.78	-0.03	23.97	59.90
1032.5	49.67	400.77	-1.62	23.84	60.12
1032.6	49.67	399.38	-0.63	23.92	60.11
1032.7	49.67	401.27	-0.43	23.84	60.11
1032.8	49.67	399.28	-0.03	23.97	59.94
1032.9	49.67	402.26	-0.63	23.92	60.11
1033	49.67	396.99	-0.23	23.95	60.11
1033.1	49.67	403.16	-1.23	24.07	60.10
1033.2	49.67	398.98	-0.63	23.89	60.10
1033.3	49.67	404.45	-1.03	23.97	60.12
1033.4	49.67	397.49	0.37	23.92	60.11
1033.5	49.67	400.47	-1.82	23.87	60.10
1033.6	49.67	399.28	-0.63	23.71	60.05
1033.7	49.67	400.37	-0.83	23.97	60.12
1033.8	49.67	399.38	0.77	23.97	60.12
1033.9	49.67	402.86	-1.23	23.95	60.10
1034	49.67	398.28	-0.23	23.77	60.12
1034.1	49.67	401.47	-0.83	23.89	60.11
1034.2	49.67	398.98	-0.83	23.92	60.12
1034.3	49.67	399.97	-1.03	23.51	60.12
1034.4	49.67	400.17	-0.03	23.79	60.10
1034.5	49.67	401.77	-2.02	23.82	60.11
1034.6	49.67	398.78	-1.03	23.79	60.11
1034.7	49.67	403.76	-0.63	23.20	60.12
1034.8	49.67	399.58	-1.03	23.74	60.12
1034.9	49.67	401.17	-0.43	23.79	60.11
1035	49.67	399.88	-0.63	23.82	60.12
1035.1	49.67	402.06	-1.03	23.07	60.12
1035.2	49.67	399.08	-1.03	23.69	60.12
1035.3	49.67	400.67	-0.63	23.89	60.11
1035.4	49.67	399.28	-1.62	23.71	60.10
1035.5	49.66	400.87	-0.43	23.71	60.11
1035.6	49.67	398.28	-2.82	23.58	60.28
1035.7	49.67	403.36	-0.43	23.84	60.10
1035.8	49.67	401.27	-0.63	23.74	60.06
1035.9	49.67	400.37	-0.23	23.74	60.07
1036	49.67	404.75	-0.43	23.66	60.11
1036.1	49.67	401.07	-0.23	23.71	60.12
1036.2	49.67	402.26	-1.82	23.66	60.11
1036.3	49.67	398.18	0.17	23.92	60.12
1036.4	49.67	400.47	-1.62	23.69	60.12
1036.5	49.67	403.76	-0.03	23.71	60.11
1036.6	49.67	403.36	-1.62	23.74	60.11
1036.7	49.67	397.89	-0.23	23.82	60.10
1036.8	49.67	400.87	1.17	23.74	60.11
1036.9	49.67	393.61	-0.23	23.71	60.12
1037	49.67	402.46	-0.03	23.84	60.11
1037.1	49.67	399.08	-0.83	23.22	60.11
1037.2	49.67	401.07	-1.23	23.61	60.12
1037.3	49.67	401.47	-1.23	23.79	60.10
1037.4	49.67	401.77	-0.63	23.58	60.12
1037.5	49.67	399.08	-0.83	24.46	60.11
1037.6	49.67	401.37	-0.43	23.53	60.12
1037.7	49.67	401.96	-0.43	23.58	60.10
1037.8	49.67	401.57	-1.42	23.56	60.12
1037.9	49.67	401.17	-1.42	23.56	60.10
1038	49.67	399.48	-1.42	23.64	60.10
1038.1	49.67	402.56	-1.23	23.48	60.11
1038.2	49.67	399.18	-1.03	23.56	60.12
1038.3	49.67	402.66	-1.62	23.43	60.12
1038.4	49.67	400.67	-0.63	23.66	60.21
1038.5	49.67	400.07	-1.23	23.38	60.11
1038.6	49.67	401.17	-0.23	23.58	60.12
1038.7	49.67	401.57	5.35	23.46	60.10
1038.8	49.67	402.76	-2.42	23.43	60.13
1038.9	49.67	401.17	-1.23	23.53	60.10
1039	49.67	403.76	-1.23	22.76	60.12
1039.1	49.67	399.18	1.37	23.48	60.11
1039.2	49.67	402.76	-0.83	23.51	60.10
1039.3	49.67	398.38	0.37	23.46	60.11
1039.4	49.67	402.06	-0.43	23.25	60.10
1039.5	49.67	398.98	-0.03	23.46	60.11
1039.6	49.67	405.15	-2.02	23.40	60.11
1039.7	49.67	400.17	-0.23	23.56	60.10
1039.8	49.67	400.27	-0.83	23.38	60.12
1039.9	49.67	400.17	0.77	23.51	60.20
1040	49.67	402.56	-0.83	23.40	60.10
1040.1	49.67	397.89	0.77	23.51	60.10
1040.2	49.67	403.46	-1.03	23.28	60.12
1040.3	49.67	401.37	-0.63	23.38	60.08
1040.4	49.67	401.17	-0.63	23.35	60.11
1040.5	49.67	400.07	-0.43	23.43	60.11
1040.6	49.67	400.27	1.37	23.28	60.10
1040.7	49.67	400.97	-1.23	23.38	60.10
1040.8	49.67	398.68	-1.23	23.25	60.11
1040.9	49.67	400.17	-0.63	21.99	60.11
1041	49.67	397.09	3.36	23.17	60.12
1041.1	49.67	399.18	-0.63	23.35	60.10
1041.2	49.67	398.68	-1.03	23.12	60.12
1041.3	49.67	402.06	-1.82	24.33	60.11
1041.4	49.67	397.29	0.57	23.25	60.12
1041.5	49.67	401.37	-0.83	23.28	60.11
1041.6	49.67	400.67	-1.42	23.38	60.11
1041.7	49.67	400.57	-1.62	23.20	60.11
1041.8	49.67	400.27	-0.63	23.38	60.13
1041.9	49.67	402.06	-1.23	23.15	60.11
1042	49.67	400.87	-0.63	23.25	60.11
1042.1	49.67	399.78	-0.63	23.61	60.10
1042.2	49.67	400.37	-0.83	23.22	60.27
1042.3	49.67	400.57	-0.83	23.15	60.10
1042.4	49.67	401.96	-1.62	22.99	60.13
1042.5	49.67	400.37	-0.23	23.33	60.11
1042.6	49.67	402.06	-1.82	23.02	60.16
1042.7	49.67	395.00	-0.23	23.15	60.12
1042.8	49.67	404.85	-1.82	23.20	60.11
1042.9	49.67	398.78	-0.43	22.97	60.11
1043	49.67	403.95	-1.03	23.09	60.10
1043.1	49.67	399.58	-1.62	22.97	60.12
1043.2	49.67	402.06	-1.23	23.09	60.10
1043.3	49.67	402.16	-3.62	23.02	60.12
1043.4	49.67	401.47	-1.82	23.15	60.12
1043.5	49.67	402.76	-1.42	23.09	60.10
1043.6	49.67	399.97	-1.03	22.58	60.10
1043.7	49.67	401.57	-1.62	23.25	60.11
1043.8	49.67	398.38	-0.83	22.89	60.13
1043.9	49.67	403.16	-1.03	23.15	60.11
1044	49.67	398.48	-0.43	22.97	60.11
1044.1	49.67	403.66	-2.42	23.02	60.09
1044.2	49.65	399.48	-1.23	23.12	60.11
1044.3	49.67	399.28	-1.82	22.84	60.29
1044.4	49.67	399.38	-0.83	23.07	60.10
1044.5	49.67	407.04	-3.22	22.97	60.12
1044.6	49.67	403.06	-1.42	23.20	60.08
1044.7	49.67	405.15	-3.42	22.81	60.13
1044.8	49.67	401.17	-2.02	23.04	60.13
1044.9	49.67	399.28	-1.03	23.02	60.10
1045	49.67	400.27	-1.62	22.99	60.12
1045.1	49.67	399.18	-1.03	22.86	60.11
1045.2	49.67	401.96	-2.02	23.15	60.11
1045.3	49.67	402.56	-1.82	22.97	60.11
1045.4	49.67	402.26	-1.42	23.04	60.10
1045.5	49.67	397.69	-1.42	23.28	60.13
1045.6	49.67	403.26	-2.42	23.02	60.11
1045.7	49.67	398.98	-0.23	22.89	60.11
1045.8	49.67	402.06	-3.02	22.97	60.12
1045.9	49.67	397.09	-0.23	22.76	60.11
1046	49.67	404.25	-2.22	22.97	60.37
1046.1	49.67	399.38	-0.83	22.91	60.11
1046.2	49.67	402.86	-2.02	22.97	60.10
1046.3	49.67	399.28	21.30	22.84	60.11
1046.4	49.67	405.85	-2.82	22.89	60.07
1046.5	49.67	396.00	-0.43	22.84	60.11
1046.6	49.67	401.96	-0.63	22.86	60.12
1046.7	49.67	399.18	-0.23	22.94	60.11
1046.8	49.67	401.47	-1.62	22.71	60.12
1046.9	49.67	401.96	-1.23	22.89	60.12
1047	49.67	401.96	-1.23	22.09	60.12
1047.1	49.67	399.88	-1.82	22.76	60.08
1047.2	49.67	400.37	-1.42	22.99	60.12
1047.3	49.67	402.06	-1.42	22.86	60.10
1047.4	49.67	401.37	-5.21	22.76	60.11
1047.5	49.67	399.48	-1.03	23.02	60.08
1047.6	49.67	401.27	-0.23	22.79	60.11
1047.7	49.67	399.38	-1.42	23.84	60.12
1047.8	49.67	401.37	-2.42	22.68	60.11
1047.9	49.67	400.57	-1.03	22.68	60.12
1048	49.67	399.88	-1.82	22.76	60.12
1048.1	49.67	400.57	0.57	22.91	60.11
1048.2	49.67	399.08	-2.42	22.55	60.16
1048.3	49.67	401.47	-0.43	22.79	60.10
1048.4	49.67	400.77	-2.62	22.71	60.11
1048.5	49.67	400.87	2.76	22.63	60.11
1048.6	49.67	400.47	-2.22	22.76	60.11
1048.7	49.67	397.39	-0.63	22.71	60.10
1048.8	49.67	400.47	-1.82	23.35	60.12
1048.9	49.67	401.77	-2.02	22.84	60.10
1049	49.67	399.48	-0.83	22.63	60.11
1049.1	49.67	401.27	-0.83	22.76	60.10
1049.2	49.67	399.58	-1.03	22.35	60.11
1049.3	49.67	400.67	-1.23	22.84	59.96
1049.4	49.67	402.06	-1.62	22.61	60.11
1049.5	49.67	403.76	-2.42	22.68	60.12
1049.6	49.67	402.76	-5.41	22.76	60.10
1049.7	49.67	403.76	-2.22	22.35	60.13
1049.8	49.67	398.68	-1.82	22.55	60.11
1049.9	49.67	400.17	-0.83	22.89	60.12
1050	49.67	400.77	-0.83	22.63	60.11
1050.1	49.67	396.69	-0.23	22.63	60.11
1050.2	49.67	402.46	-2.42	22.58	60.10
1050.3	49.67	398.08	-0.83	22.71	60.11
1050.4	49.67	402.66	-1.42	22.61	60.11
1050.5	49.67	399.97	-0.83	22.50	60.11
1050.6	49.67	404.35	-2.02	22.68	60.11
1050.7	49.67	396.59	-0.43	22.42	60.11
1050.8	49.67	401.57	-1.23	22.55	60.20
1050.9	49.67	400.87	-1.42	22.53	60.11
1051	49.67	400.17	-1.82	22.53	60.12
1051.1	49.67	403.56	-1.23	22.66	60.11
1051.2	49.67	409.53	-2.22	22.32	60.12
1051.3	49.67	399.88	-1.62	22.58	60.12
1051.4	49.67	401.67	-1.23	22.48	60.11
1051.5	49.67	401.96	-2.62	22.35	60.14
1051.6	49.67	403.86	-0.43	22.50	60.12
1051.7	49.67	401.96	-3.02	22.32	60.14
1051.8	49.67	400.47	-2.22	22.32	60.14
1051.9	49.67	403.06	-3.02	22.35	60.14
1052	49.67	402.26	-1.82	22.32	60.12
1052.1	49.67	400.97	-2.42	22.48	60.13
1052.2	49.67	399.97	-5.01	22.30	60.12
1052.3	49.67	399.68	-3.02	22.32	60.13
1052.4	49.67	402.46	-2.02	22.37	60.12
1052.5	49.67	399.97	-2.22	22.35	60.13
1052.6	49.67	399.78	-2.82	22.17	60.12
1052.7	49.67	398.28	-0.83	22.35	60.13
1052.8	49.67	403.16	-3.42	22.35	60.13
1052.9	49.65	399.68	-1.03	22.22	60.13
1053	49.67	397.59	-3.82	22.04	60.33
1053.1	49.67	398.98	-1.62	22.14	60.12
1053.2	49.68	402.66	-1.82	22.40	60.07
1053.3	49.67	400.77	-0.63	22.27	60.09
1053.4	49.67	399.48	-2.82	22.32	60.13
1053.5	49.67	400.77	-3.22	22.19	60.14
1053.6	49.67	401.57	-1.42	22.32	60.12
1053.7	49.67	399.88	-1.23	22.27	60.13
1053.8	49.67	399.68	-2.02	22.22	60.12
1053.9	49.67	400.27	-2.42	22.22	60.13
1054	49.67	398.88	-1.03	21.68	60.13
1054.1	49.67	402.96	-2.82	22.12	60.14
1054.2	49.67	398.58	-1.42	22.14	60.11
1054.3	49.67	403.76	-4.22	22.12	60.14
1054.4	49.67	396.69	-1.03	22.32	60.14
1054.5	49.67	400.97	-3.42	22.01	60.10
1054.6	49.67	397.89	-2.22	22.12	60.14
1054.7	49.67	404.05	-2.82	22.17	60.14
1054.8	49.67	400.37	-7.01	21.96	60.13
1054.9	49.67	399.48	-3.42	21.94	60.14
1055	49.67	400.17	-1.62	22.14	60.13
1055.1	49.67	399.28	-1.62	22.48	60.13
1055.2	49.67	399.28	-4.02	22.01	60.14
1055.3	49.67	398.68	-2.22	21.99	60.13
1055.4	49.67	403.06	-2.02	22.09	60.14
1055.5	49.67	398.58	-2.82	21.86	60.14
1055.6	49.67	403.06	-3.22	22.01	60.07
1055.7	49.67	400.47	-2.82	21.83	60.15
1055.8	49.67	399.88	-3.62	21.96	60.14
1055.9	49.67	400.07	7.74	21.99	60.13
1056	49.67	405.94	-2.22	22.04	60.15
1056.1	49.67	400.47	-2.82	21.96	60.14
1056.2	49.67	402.06	-2.02	21.99	60.15
1056.3	49.67	398.08	12.73	21.83	60.15
1056.4	49.67	403.76	-2.82	22.14	60.14
1056.5	49.67	403.36	-3.42	21.91	60.14
1056.6	49.67	398.58	-2.42	22.71	60.14
1056.7	49.67	403.76	-2.82	22.01	60.14
1056.8	49.67	400.87	-3.22	21.81	60.15
1056.9	49.67	402.96	-3.42	21.99	60.15
1057	49.67	401.17	-1.62	21.91	60.14
1057.1	49.67	400.17	-3.62	21.96	60.22
1057.2	49.67	402.06	-2.62	21.94	60.13
1057.3	49.67	402.06	-2.42	21.96	60.14
1057.4	49.67	401.77	7.15	21.73	60.14
1057.5	49.67	398.68	-2.22	21.88	60.16
1057.6	49.67	400.47	-2.02	21.86	60.13
1057.7	49.67	400.17	-3.42	21.78	60.16
1057.8	49.67	402.06	-2.22	21.81	60.14
1057.9	49.67	400.57	-2.42	21.83	60.15
1058	49.67	404.35	-3.42	21.83	60.15
1058.1	49.67	398.88	-2.82	21.91	60.15
1058.2	49.67	402.36	-3.42	21.88	60.14
1058.3	49.67	400.57	-2.82	21.81	60.14
1058.4	49.67	401.47	-1.82	21.91	60.13
1058.5	49.67	400.47	-2.42	21.68	60.14
1058.6	49.67	400.07	-2.82	21.78	60.13
1058.7	49.67	398.98	-2.22	21.86	60.13
1058.8	49.67	401.57	-2.42	21.73	60.15
1058.9	49.67	400.87	-3.82	21.86	60.14
1059	49.67	399.97	-2.42	21.86	60.14
1059.1	49.67	401.57	-4.61	21.63	60.14
1059.2	49.67	402.16	-3.22	21.81	60.14
1059.3	49.67	404.35	-3.82	21.81	60.14
1059.4	49.67	400.47	-2.22	21.63	60.14
1059.5	49.67	402.06	-2.62	21.81	60.14
1059.6	49.67	399.08	-1.62	21.86	60.13
1059.7	49.67	401.37	-2.82	21.70	60.14
1059.8	49.67	400.87	-1.82	21.94	60.14
1059.9	49.67	400.07	-1.82	21.60	60.14
1060	49.67	400.77	-1.82	21.86	60.14
1060.1	49.67	401.57	-1.82	21.70	60.13
1060.2	49.67	403.26	-3.82	21.68	60.15
1060.3	49.67	399.78	-1.82	21.99	60.13
1060.4	49.67	402.26	-3.62	21.60	60.13
1060.5	49.67	398.88	-3.02	21.65	60.14
1060.6	49.67	402.56	-2.82	21.55	60.14
1060.7	49.67	400.97	-2.82	21.55	60.14
1060.8	49.67	396.99	-3.42	21.60	60.15
1060.9	49.67	399.78	-2.02	21.63	60.13
1061	49.67	403.76	-3.42	21.55	60.12
1061.1	49.67	401.27	-3.02	21.63	60.14
1061.2	49.67	403.95	-1.03	21.60	60.14
1061.3	49.67	403.56	-2.82	21.73	60.12
1061.4	49.67	396.29	-1.42	21.55	60.14
1061.5	49.67	405.25	-3.42	21.78	60.14
1061.6	49.65	396.79	-1.82	21.57	60.15
1061.7	49.66	398.58	-2.82	21.45	60.34
1061.8	49.67	399.78	-1.62	21.60	60.12
1061.9	49.67	401.77	-1.42	21.57	60.07
1062	49.67	399.48	-2.02	21.57	60.10
1062.1	49.67	402.16	-3.02	21.70	60.13
1062.2	49.67	399.18	6.75	21.52	60.14
1062.3	49.67	401.67	-1.82	21.63	60.12
1062.4	49.67	400.27	-1.23	21.47	60.12
1062.5	49.67	400.27	-1.82	21.55	60.15
1062.6	49.67	400.57	-1.23	21.50	60.12
1062.7	49.67	387.94	-1.42	21.29	60.13
1062.8	49.67	403.16	-4.02	21.50	60.14
1062.9	49.67	401.37	-2.42	21.55	60.15
1063	49.67	403.36	-2.22	21.52	60.12
1063.1	49.67	397.69	-1.23	21.52	60.13
1063.2	49.67	402.56	-2.02	21.68	60.13
1063.3	49.67	400.87	-1.42	21.57	60.14
1063.4	49.67	403.06	-1.62	21.55	60.14
1063.5	49.67	399.48	-2.42	21.37	60.13
1063.6	49.67	402.96	-2.22	21.50	60.13
1063.7	49.67	400.87	-1.62	21.45	60.14
1063.8	49.67	396.99	-2.42	21.52	60.11
1063.9	49.67	400.77	-2.62	21.52	60.13
1064	49.67	400.97	-1.82	21.63	60.12
1064.1	49.67	401.57	-11.59	21.57	60.13
1064.2	49.67	406.44	-1.82	21.55	60.15
1064.3	49.67	402.76	-2.22	21.60	60.13
1064.4	49.67	400.57	-1.62	21.47	60.12
1064.5	49.67	402.56	2.16	21.45	60.13
1064.6	49.67	399.38	-1.62	21.60	60.12
1064.7	49.67	402.26	-1.42	21.47	60.11
1064.8	49.67	397.29	-1.82	21.63	60.13
1064.9	49.67	400.87	-1.42	21.55	60.12
1065	49.67	400.37	-2.02	21.52	60.14
1065.1	49.67	398.98	-0.83	21.52	60.11
1065.2	49.67	402.56	-1.42	21.65	60.12
1065.3	49.67	398.68	-1.03	21.37	60.13
1065.4	49.67	402.36	-1.03	21.60	60.12
1065.5	49.66	398.28	-0.63	21.39	60.11
1065.6	49.67	400.67	-1.62	21.45	60.11
1065.7	49.67	398.08	-0.23	21.47	60.10
1065.8	49.67	402.06	-1.42	21.37	60.11
1065.9	49.67	398.68	-0.23	21.57	60.11
1066	49.67	402.56	3.16	21.45	60.12
1066.1	49.67	396.59	-0.23	21.52	60.12
1066.2	49.67	399.88	-1.03	21.34	60.12
1066.3	49.67	401.27	-0.43	21.57	60.12
1066.4	49.67	402.66	-4.41	21.29	60.12
1066.5	49.67	402.26	-0.03	21.55	60.09
1066.6	49.67	401.87	-1.03	21.55	60.10
1066.7	49.67	399.58	-0.23	21.39	60.11
1066.8	49.67	399.68	-1.23	21.50	60.12
1066.9	49.67	402.46	-0.43	21.42	60.10
1067	49.67	400.17	-0.43	21.52	60.10
1067.1	49.67	402.16	0.97	21.65	60.09
1067.2	49.67	402.96	-0.83	21.39	60.12
1067.3	49.67	402.56	-0.23	21.42	60.10
1067.4	49.67	398.88	0.37	21.52	60.10
1067.5	49.67	399.97	-0.43	21.39	60.10
1067.6	49.67	400.47	-0.23	21.47	60.05
1067.7	49.67	402.96	-0.43	21.42	60.11
1067.8	49.67	400.77	-0.03	21.45	60.10
1067.9	49.67	402.16	3.36	21.52	60.10
1068	49.67	404.75	1.37	21.57	60.10
1068.1	49.67	400.57	-0.43	21.42	60.09
1068.2	49.67	402.06	0.97	21.47	60.10
1068.3	49.67	400.67	1.17	21.50	60.08
1068.4	49.67	398.28	-0.43	21.52	60.09
1068.5	49.67	400.87	1.57	21.45	60.10
1068.6	49.67	402.86	1.37	19.59	60.09
1068.7	49.67	399.88	0.57	21.37	60.10
1068.8	49.67	403.26	-0.23	21.47	60.10
1068.9	49.67	397.39	1.57	21.29	60.08
1069	49.67	400.27	0.57	21.47	60.09
1069.1	49.67	400.57	0.57	21.47	60.08
1069.2	49.67	401.87	-0.23	21.37	60.10
1069.3	49.67	398.98	0.37	21.39	60.09
1069.4	49.67	400.97	0.97	21.42	60.10
1069.5	49.67	401.37	0.37	21.42	60.10
1069.6	49.67	399.28	1.17	21.34	60.09
1069.7	49.67	401.17	1.17	21.45	60.08
1069.8	49.67	402.06	1.57	21.29	60.10
1069.9	49.67	398.48	1.17	21.47	60.12
1070	49.67	399.58	0.97	21.21	60.08
1070.1	49.67	403.36	-0.03	21.70	60.09
1070.2	49.67	398.08	3.36	21.39	60.10
1070.3	49.65	402.86	-0.23	21.21	60.08
1070.4	49.67	395.10	1.37	20.96	60.29
1070.5	49.67	402.96	0.97	22.68	60.07
1070.6	49.67	402.86	2.76	21.19	60.02
1070.7	49.67	399.78	1.17	21.19	60.07
1070.8	49.67	400.67	1.17	21.06	60.10
1070.9	49.67	405.05	0.17	21.14	60.10
1071	49.67	400.07	-0.03	21.14	60.11
1071.1	49.67	402.96	0.77	21.24	60.10
1071.2	49.66	400.87	-0.63	21.11	60.10
1071.3	49.67	400.07	-0.03	21.16	60.10
1071.4	49.67	400.57	-0.43	21.03	60.14
1071.5	49.67	398.08	1.77	21.21	60.09
1071.6	49.67	402.46	0.17	21.16	60.09
1071.7	49.67	399.18	6.35	21.16	60.10
1071.8	49.67	401.17	-1.03	20.93	60.13
1071.9	49.67	397.69	1.77	21.21	60.10
1072	49.67	404.15	-0.03	22.19	60.09
1072.1	49.67	400.67	-0.03	21.08	60.11
1072.2	49.67	403.16	1.37	21.03	60.10
1072.3	49.67	400.07	0.77	21.06	60.11
1072.4	49.67	399.08	1.17	21.65	60.09
1072.5	49.67	402.26	0.17	20.98	60.06
1072.6	49.67	400.97	0.37	21.06	60.09
1072.7	49.67	400.77	1.37	20.93	60.10
1072.8	49.67	399.28	1.37	21.03	60.10
1072.9	49.67	400.87	0.37	20.83	60.08
1073	49.67	397.19	1.77	21.11	60.10
1073.1	49.67	403.16	0.17	20.93	60.08
1073.2	49.67	395.60	10.14	20.96	60.10
1073.3	49.67	403.06	0.17	20.98	60.10
1073.4	49.67	398.88	0.97	20.96	60.10
1073.5	49.67	401.47	0.37	18.71	60.10
1073.6	49.67	399.28	0.97	21.03	60.08
1073.7	49.67	402.46	0.17	21.06	60.11
1073.8	49.67	401.57	-0.83	20.88	60.10
1073.9	49.67	401.37	1.17	20.90	60.11
1074	49.67	400.27	0.77	20.90	60.10
1074.1	49.67	399.88	1.17	21.06	60.10
1074.2	49.66	402.56	-0.23	20.96	60.10
1074.3	49.67	397.99	1.57	20.88	60.09
1074.4	49.67	407.54	-1.03	20.72	60.06
1074.5	49.67	398.48	1.17	21.06	60.10
1074.6	49.67	402.76	-1.42	20.70	60.12
1074.7	49.67	399.78	-1.82	20.93	60.10
1074.8	49.67	404.85	-0.43	20.80	60.09
1074.9	49.67	399.97	0.97	20.88	60.11
1075	49.67	401.87	-0.43	22.14	60.11
1075.1	49.67	403.06	0.37	20.93	60.09
1075.2	49.67	401.27	-0.43	20.59	60.11
1075.3	49.67	399.58	0.97	20.90	60.10
1075.4	49.67	400.97	0.57	20.75	60.11
1075.5	49.67	399.48	-0.03	20.72	59.97
1075.6	49.67	399.88	1.17	20.80	60.09
1075.7	49.67	401.77	0.57	20.65	60.12
1075.8	49.66	399.78	0.17	20.75	60.11
1075.9	49.67	403.26	0.57	20.93	60.30
1076	49.67	398.98	0.57	20.65	60.10
1076.1	49.67	402.36	-0.03	20.75	60.10
1076.2	49.67	398.98	1.37	20.75	60.10
1076.3	49.67	404.05	-0.63	20.78	60.11
1076.4	49.67	397.99	2.16	20.78	60.09
1076.5	49.67	404.35	-0.43	20.62	60.10
1076.6	49.67	401.96	-2.22	20.78	60.11
1076.7	49.67	401.07	0.97	20.70	60.09
1076.8	49.67	400.57	-0.03	20.62	60.10
1076.9	49.67	399.48	0.37	20.62	60.10
1077	49.67	402.26	-1.62	20.88	60.10
1077.1	49.67	400.37	0.37	20.39	60.11
1077.2	49.67	403.66	0.57	20.80	60.10
1077.3	49.67	399.38	0.57	20.85	60.10
1077.4	49.67	401.77	-0.63	20.78	60.11
1077.5	49.67	399.88	1.77	20.70	60.10
1077.6	49.67	402.26	-0.83	20.70	60.09
1077.7	49.67	399.08	0.37	20.52	60.10
1077.8	49.67	404.95	-0.83	20.65	60.03
1077.9	49.67	399.68	0.57	20.52	60.10
1078	49.67	402.86	-0.23	20.44	60.10
1078.1	49.67	402.66	-0.23	20.44	60.11
1078.2	49.67	402.06	0.57	20.54	60.10
1078.3	49.67	404.35	-0.43	20.54	60.10
1078.4	49.67	401.37	0.37	20.49	60.10
1078.5	49.67	403.16	-0.03	20.52	60.10
1078.6	49.67	398.28	0.17	20.26	60.12
1078.7	49.67	404.25	-0.83	20.52	60.11
1078.8	49.67	397.49	-0.43	20.41	60.10
1078.9	49.67	401.57	-1.03	20.34	60.11
1079	49.67	400.27	-0.23	20.44	60.11
1079.1	49.67	399.08	-1.82	20.16	60.33
1079.2	49.67	400.07	-0.03	20.49	60.11
1079.3	49.67	409.33	-0.23	20.54	60.06
1079.4	49.67	404.45	-1.42	20.18	60.09
1079.5	49.67	402.16	-0.63	20.41	60.10
1079.6	49.67	403.56	-1.03	20.39	60.13
1079.7	49.67	401.87	0.37	20.21	60.12
1079.8	49.67	404.35	-2.42	20.36	60.13
1079.9	49.67	400.37	-0.43	20.31	60.13
1080	49.67	402.56	-2.02	20.26	60.10
1080.1	49.67	399.48	-0.63	20.31	60.11
1080.2	49.67	400.97	-0.23	20.23	60.12
1080.3	49.67	401.37	-1.42	20.34	60.12
1080.4	49.67	396.49	-1.23	20.16	60.13
1080.5	49.67	399.68	-0.83	20.36	60.12
1080.6	49.67	401.77	-2.22	20.13	60.14
1080.7	49.67	400.77	-0.43	20.31	60.12
1080.8	49.67	401.47	-1.03	20.08	60.13
1080.9	49.67	402.46	-0.83	20.26	60.12
1081	49.67	400.47	-0.63	20.26	60.13
1081.1	49.67	401.17	-1.42	20.26	60.11
1081.2	49.67	398.08	0.97	20.18	60.12
1081.3	49.67	401.27	-1.42	20.18	60.13
